515 797 915 961 959 966 973 979 983 989 990 989 993 994 989 991 994 993 993 991 992 994 995 996 996 996 993 989 990 995 995 997 994 995 994 989 989 995 994 997 990 992 997 996 997 993 993 995 993 991 992 996 990 997 991 992 994 997 993 999 991 994 993 996 994 996 994 995 995 994 994 997 994 994 996 992 995 994 990 992 995 998 993 991 995 990 990 991 986 989 990 991 995 993 993 991 991 988 993 996 995 
472 366 149 96 74 54 40 39 28 20 22 19 16 8 14 7 10 12 12 5 8 8 9 5 5 2 4 1 6 3 6 6 7 9 2 6 2 10 8 8 8 6 4 4 3 6 8 7 7 4 3 7 5 8 7 0 6 4 4 4 7 4 6 5 9 8 8 7 8 6 6 4 7 4 5 5 4 5 7 7 3 5 5 2 9 6 7 7 7 4 7 5 4 5 9 7 6 6 3 5 7 
504 538 617 757 834 864 899 924 939 933 950 957 955 954 968 964 965 975 976 979 982 991 982 998 993 993 989 989 988 989 984 994 994 993 992 995 998 995 998 990 993 996 990 993 994 996 990 993 991 992 991 994 995 998 997 992 989 990 987 995 996 994 993 992 993 997 998 996 990 994 996 994 993 994 994 999 996 993 994 997 998 991 993 991 995 997 997 990 991 994 995 994 992 995 994 993 989 996 998 996 995 
509 411 177 103 80 76 57 50 39 40 31 25 34 11 15 8 9 10 4 8 8 5 6 6 6 11 4 8 8 7 5 8 3 5 5 7 8 6 7 9 10 4 8 9 6 2 2 8 7 5 12 3 3 10 5 6 13 7 3 5 4 3 12 13 6 4 9 7 4 6 3 3 5 5 6 6 6 2 6 10 10 5 6 5 13 11 9 8 7 6 5 4 1 4 8 4 5 9 7 7 3 
520 220 110 51 51 29 22 20 19 15 16 13 11 8 11 7 9 10 10 8 9 7 5 7 6 7 6 3 6 8 12 10 7 10 11 4 8 3 9 7 9 8 7 10 4 10 6 3 4 7 8 3 10 5 3 6 9 8 6 6 8 5 4 6 8 4 7 7 11 6 7 6 5 4 3 1 7 6 7 10 6 9 7 6 7 7 6 3 3 5 5 7 9 4 4 5 3 7 7 8 5 
485 779 893 931 963 963 971 975 978 987 984 986 985 987 983 984 991 989 991 995 993 992 986 997 993 997 996 988 992 990 991 995 998 992 993 996 991 993 995 993 993 993 993 990 992 994 995 993 995 998 992 993 996 997 996 991 994 995 993 996 995 994 996 994 997 996 995 993 993 994 989 992 989 997 997 992 992 996 999 995 993 993 996 995 998 993 998 988 994 996 994 994 992 993 990 990 991 996 993 992 995 
523 136 56 40 27 28 27 15 18 20 21 10 12 11 5 4 6 8 1 11 8 9 5 7 8 5 5 6 2 3 3 2 6 5 7 7 5 5 6 7 9 3 6 11 12 2 4 4 6 8 5 2 7 5 8 7 7 8 7 6 4 3 4 4 7 3 7 8 9 6 7 9 9 5 6 7 2 6 6 4 6 4 5 9 6 4 0 6 3 1 5 5 4 7 5 6 9 11 2 5 6 
478 326 138 91 68 66 48 42 34 29 22 22 30 26 20 17 15 6 12 8 6 8 11 8 3 7 6 7 5 8 4 10 5 4 3 6 7 4 6 3 6 4 12 6 4 4 8 6 8 7 8 6 8 10 8 3 9 5 5 9 2 7 3 6 3 1 7 11 0 3 7 4 3 4 4 9 1 7 5 3 4 3 11 4 3 7 5 8 6 3 4 5 5 4 6 13 6 7 9 1 8 
490 416 194 115 81 77 53 56 46 44 33 30 34 24 19 27 19 18 21 14 9 14 15 6 9 6 5 7 2 7 4 9 8 2 7 6 5 5 2 4 7 9 5 5 7 10 9 3 5 7 0 6 7 2 6 3 5 3 4 6 10 5 3 3 1 7 5 7 9 5 6 8 7 3 4 6 6 6 3 7 8 4 6 2 5 4 4 4 6 9 6 8 13 4 7 12 5 7 7 5 6 
495 336 129 74 75 62 37 36 20 29 18 20 20 18 10 9 10 9 8 7 11 8 5 10 8 8 8 4 4 5 8 5 3 5 7 3 6 5 6 5 2 5 9 8 4 7 5 11 7 9 6 0 4 4 3 5 7 1 7 4 4 6 6 6 3 6 0 7 5 5 6 4 3 6 4 6 6 4 2 6 2 2 8 5 5 4 6 8 6 5 3 10 3 6 3 8 11 5 2 5 7 
507 618 860 898 935 941 955 960 951 961 954 973 972 975 978 984 987 985 990 993 992 990 987 990 996 994 994 993 996 993 992 991 989 994 994 994 993 996 991 996 992 993 995 998 996 992 998 997 993 997 996 995 988 995 992 994 995 995 997 996 994 993 994 999 991 994 994 994 994 991 990 989 998 994 994 994 994 996 996 995 992 993 995 992 995 995 993 992 991 995 990 987 991 992 995 993 991 999 995 994 992 
479 217 92 55 48 30 32 23 34 29 17 20 18 18 16 11 14 12 8 7 9 6 3 7 11 7 6 9 5 9 6 9 1 5 5 3 8 14 5 1 5 2 4 7 11 4 3 11 3 7 4 7 6 4 6 7 8 3 3 4 3 9 2 4 3 5 10 5 4 3 4 3 8 4 5 9 9 3 5 6 9 9 8 5 4 8 4 9 7 3 10 8 4 6 10 10 8 5 9 3 6 
514 243 89 50 48 37 34 32 29 31 27 12 21 14 10 8 13 8 7 7 4 7 6 4 5 8 9 2 1 3 3 12 8 1 11 2 4 6 4 5 5 6 3 2 7 7 2 5 5 5 7 5 3 7 10 6 5 4 12 9 6 5 7 8 6 7 7 9 4 5 4 5 3 7 2 9 8 8 3 12 10 6 10 4 3 8 4 4 3 8 7 2 7 3 8 9 6 6 7 11 6 
500 262 95 82 73 40 45 43 36 25 28 24 11 10 15 8 9 6 10 14 11 9 7 6 14 12 8 8 3 4 9 3 6 12 4 9 5 5 7 3 8 7 3 5 8 12 4 8 10 4 6 8 7 2 5 6 5 7 8 4 2 4 5 3 4 7 3 3 2 6 7 5 7 4 8 6 4 4 6 9 3 6 6 8 6 8 4 6 5 6 4 2 8 4 5 1 14 8 6 6 5 
510 509 486 326 230 169 143 118 87 93 75 77 67 55 40 35 38 28 30 28 28 29 23 24 22 15 14 14 16 13 11 13 10 13 13 17 14 15 9 13 8 7 10 13 8 7 12 8 6 10 10 9 10 5 3 7 11 9 6 10 6 6 13 2 8 6 12 4 5 7 9 13 7 8 5 8 5 7 3 4 4 8 3 8 8 10 11 5 7 8 7 4 6 5 7 5 4 6 6 7 1 
470 476 231 144 95 91 68 47 49 41 34 35 24 21 22 19 17 15 18 7 11 10 8 8 6 4 8 6 9 4 6 8 9 3 8 7 4 4 9 4 8 7 8 4 6 6 7 6 4 4 3 9 10 6 5 2 2 3 6 2 6 6 8 7 5 5 4 6 8 6 9 9 6 6 4 4 3 5 6 6 7 10 6 9 2 8 7 8 2 9 9 5 4 5 3 3 4 4 8 8 7 
522 735 912 926 933 955 960 984 974 979 974 985 988 994 994 992 995 996 989 993 996 993 992 994 990 996 991 996 990 994 998 994 996 992 993 992 996 999 995 995 994 997 992 994 991 991 988 988 995 998 999 993 992 994 993 997 997 997 992 995 989 995 994 996 993 999 992 993 997 991 996 993 996 995 993 992 994 996 996 997 996 995 991 995 997 995 999 999 995 997 994 990 994 987 995 994 992 995 991 997 996 
509 207 76 66 41 31 31 24 24 21 12 17 20 10 11 4 7 8 5 7 3 7 10 4 6 5 8 4 6 3 9 4 5 5 4 2 4 3 6 7 5 5 4 9 11 12 5 5 4 9 8 6 9 6 7 8 6 7 5 4 2 10 6 4 12 8 8 7 3 7 10 6 8 4 4 7 6 5 3 7 7 4 7 4 4 10 7 6 3 11 8 5 5 6 5 3 2 3 7 7 4 
515 842 930 963 965 959 960 980 982 980 988 993 994 994 990 992 995 991 989 995 995 994 993 992 992 994 993 998 993 991 995 993 993 995 997 991 997 998 992 993 994 994 996 991 998 993 989 993 996 996 992 992 996 995 994 992 993 995 992 995 997 995 995 995 992 998 992 998 995 992 992 993 994 995 994 998 997 994 997 997 997 996 991 997 995 992 994 991 989 991 995 995 997 992 992 990 997 996 996 996 996 
516 900 943 967 970 974 978 987 981 984 983 993 984 982 995 989 997 994 999 994 993 998 998 999 998 995 995 987 996 995 996 997 999 991 994 991 996 988 996 995 992 995 993 992 989 991 997 995 996 992 996 989 995 993 995 994 995 992 995 996 995 995 995 991 995 996 993 997 997 996 993 992 994 994 995 995 995 994 999 998 997 994 992 995 996 989 995 995 994 992 994 992 989 994 996 993 995 998 991 995 997 
