487 467 451 440 436 432 420 443 443 456 467 452 447 434 449 426 442 416 429 421 417 430 401 428 431 429 427 435 412 434 449 447 434 421 447 419 451 429 416 429 418 427 423 428 424 399 434 397 427 447 427 428 422 434 418 401 415 423 421 419 414 412 402 429 427 431 420 450 437 435 447 439 441 412 427 423 425 424 418 436 438 412 404 405 411 409 407 412 415 423 431 425 433 442 432 416 436 437 429 419 435 
518 540 547 560 570 574 587 574 564 573 570 575 572 575 589 590 562 576 586 579 600 599 612 577 589 585 595 597 597 572 563 584 578 572 562 574 586 579 578 568 572 571 563 561 587 581 575 576 584 579 575 580 560 570 549 566 591 591 565 581 554 567 571 569 556 566 564 576 564 591 578 586 565 576 585 593 580 597 591 599 600 601 596 603 600 606 589 594 570 577 598 593 598 593 604 598 591 599 625 617 590 
493 485 472 448 487 471 483 472 487 495 486 486 502 464 471 473 467 451 463 469 454 465 459 456 462 463 471 460 472 478 468 454 473 481 477 479 482 448 473 472 473 483 502 478 499 489 487 480 476 489 482 477 463 486 475 487 470 485 467 482 464 474 482 477 459 458 473 477 500 481 474 462 453 474 464 474 466 464 465 447 450 473 468 468 472 469 469 481 465 461 464 477 436 464 473 476 475 463 474 480 485 
490 503 473 465 489 459 425 428 443 452 437 448 429 432 433 431 445 437 417 421 425 462 453 458 426 426 406 407 411 401 393 405 412 414 392 423 414 431 419 425 407 419 408 417 393 415 419 406 406 401 403 408 410 395 404 398 398 380 398 383 407 389 393 392 391 403 411 400 396 383 380 384 397 393 397 382 380 390 386 388 370 381 390 387 406 388 408 376 375 389 364 385 397 389 395 409 379 391 385 381 373 
519 521 515 551 523 555 543 534 540 567 551 552 549 552 533 546 547 552 551 561 553 560 563 547 553 564 544 520 529 537 549 548 549 560 570 550 570 559 550 547 552 550 523 549 541 552 532 548 548 560 573 563 569 555 559 575 565 584 576 567 573 576 559 581 594 598 587 596 574 577 563 559 572 561 563 558 588 592 582 576 575 582 612 613 592 581 578 544 582 552 573 574 568 568 577 567 581 584 579 563 544 
535 641 672 677 689 684 698 713 711 712 705 721 717 714 717 721 717 717 718 728 718 717 735 724 715 729 727 723 715 726 716 724 711 722 731 719 730 715 715 723 717 717 721 713 720 715 719 732 723 725 727 737 736 717 733 729 733 723 720 712 717 705 689 701 707 715 702 705 701 705 703 694 702 695 706 706 707 712 712 719 710 712 722 717 704 694 702 719 727 704 735 733 719 716 711 706 714 716 723 731 717 
494 499 519 516 486 491 490 496 481 495 487 490 497 490 498 497 509 506 499 492 513 502 501 473 488 498 489 478 472 487 498 493 515 499 508 506 491 496 478 503 478 482 481 491 488 479 464 469 482 467 479 466 466 495 486 485 497 478 476 492 504 481 500 489 505 496 479 496 498 528 518 509 532 507 516 502 510 551 526 526 520 499 500 500 517 518 541 515 532 505 530 523 510 516 517 517 519 507 508 505 517 
475 477 452 454 460 440 458 460 435 453 434 452 460 423 414 412 411 404 409 410 407 384 419 391 399 412 411 411 389 403 414 406 422 396 393 398 403 403 411 425 414 426 420 421 421 417 429 429 432 428 415 411 436 427 439 415 422 411 414 421 436 423 439 433 441 451 444 445 411 445 441 423 458 462 449 455 433 459 459 447 466 461 454 464 430 427 436 421 436 424 435 438 416 432 431 425 430 432 418 421 408 
508 498 500 507 493 472 494 476 497 471 513 522 487 477 494 485 491 501 496 508 524 531 518 487 490 525 496 491 491 496 500 479 466 481 462 484 449 478 473 474 475 463 457 460 474 460 468 456 457 462 465 452 472 467 481 478 479 479 472 480 479 476 482 482 505 497 454 479 489 458 487 505 494 474 471 455 447 474 481 463 464 463 476 467 462 507 488 457 471 475 484 479 500 484 504 489 515 489 498 506 519 
503 517 521 533 535 524 566 555 552 548 555 542 537 548 542 545 535 537 550 539 550 543 551 563 559 566 577 549 550 555 535 541 549 573 550 559 574 553 551 558 549 587 540 578 554 564 566 573 575 564 569 563 569 581 569 574 584 583 569 590 573 571 597 582 575 596 565 588 582 599 593 598 605 614 599 595 597 597 601 607 598 599 612 624 610 617 629 605 600 595 604 623 610 596 606 612 604 610 624 610 605 
508 589 619 621 628 630 627 658 649 655 666 649 664 661 668 676 663 690 674 685 681 691 691 672 690 692 680 690 687 668 683 681 683 678 679 685 688 668 678 681 673 684 687 699 667 686 672 672 688 691 687 682 675 680 663 680 667 671 659 669 662 679 678 671 666 664 690 679 675 675 678 696 698 681 691 688 683 671 664 676 670 665 688 689 689 680 693 695 690 675 675 672 691 685 682 681 681 686 652 693 672 
520 576 649 641 668 657 656 650 630 642 645 653 640 645 661 662 639 645 640 637 667 655 652 668 661 651 658 628 659 644 652 640 665 640 642 647 654 655 636 646 660 655 667 678 679 663 668 664 673 673 654 648 670 664 667 677 663 662 675 668 677 675 679 679 683 668 679 676 679 674 680 664 684 676 675 670 663 660 661 670 698 672 679 687 659 673 674 665 681 661 661 676 670 677 677 678 669 672 669 651 666 
519 621 643 673 657 674 680 689 690 684 691 685 687 695 678 678 687 700 692 708 698 689 690 668 663 671 671 679 676 673 674 687 676 664 669 673 680 677 676 694 689 682 679 671 678 678 688 661 684 682 653 669 690 684 681 683 677 663 668 666 662 663 669 662 677 667 676 678 670 689 673 671 659 662 661 665 648 673 658 659 661 651 670 667 674 674 656 654 667 658 669 669 667 683 659 644 676 666 657 669 652 
491 490 477 462 486 468 460 448 440 439 444 457 428 430 434 442 413 437 428 442 441 432 453 439 427 436 436 446 441 439 439 450 470 460 473 447 447 479 463 450 443 444 438 443 446 454 452 460 450 421 428 416 415 436 429 428 422 425 436 427 398 436 425 417 420 406 430 430 429 416 427 451 423 428 432 435 442 451 434 441 457 423 447 442 427 423 424 439 460 441 440 436 439 451 450 426 438 450 444 433 426 
478 428 395 411 406 420 409 419 408 423 428 411 416 407 421 410 409 418 403 390 397 398 405 403 407 412 400 398 393 413 393 389 410 400 409 390 407 404 407 409 411 408 430 413 412 401 395 373 388 376 385 389 382 389 402 428 416 409 404 421 415 422 407 401 409 396 385 395 398 389 393 391 386 401 396 386 396 374 396 397 412 405 397 408 399 407 409 417 415 407 402 408 431 404 422 420 433 413 420 396 395 
482 496 515 522 510 532 519 520 498 518 526 498 515 528 515 508 493 499 512 535 519 506 510 508 534 514 483 468 491 496 530 504 526 502 538 535 518 506 532 529 521 499 526 538 546 519 512 519 525 526 530 520 535 538 547 555 546 531 527 531 530 523 537 525 543 540 538 547 538 547 523 557 546 531 546 552 532 556 544 546 544 565 539 542 562 549 545 562 553 551 562 575 560 560 560 562 564 555 547 549 542 
502 536 527 525 524 509 515 515 517 528 534 549 541 529 526 523 535 527 520 526 525 529 531 540 522 522 533 509 526 519 518 506 529 531 526 527 537 535 545 532 508 506 506 503 504 535 534 520 540 534 536 539 549 531 551 539 543 552 567 556 559 552 565 560 560 578 564 573 570 564 557 553 556 547 539 546 555 562 577 587 577 591 585 567 581 588 577 578 571 576 568 583 569 551 587 586 586 575 595 585 587 
504 521 525 491 477 497 490 505 493 483 500 508 519 490 510 508 515 523 503 514 520 530 530 507 514 535 537 515 527 518 531 524 511 518 540 545 538 546 532 506 529 503 529 530 534 523 515 521 547 535 531 529 513 513 523 519 514 529 516 515 518 519 496 524 523 520 508 522 535 521 538 515 530 532 537 514 519 555 548 535 519 537 543 525 541 539 538 512 513 544 517 536 533 552 549 560 571 560 543 531 541 
505 517 535 535 536 537 533 572 557 570 541 542 540 548 545 533 526 537 532 533 519 499 516 523 518 538 529 547 521 563 535 546 539 542 547 540 522 522 541 523 539 565 551 517 546 533 541 522 515 532 525 523 525 512 556 548 569 545 560 569 562 565 562 559 564 571 568 554 579 567 566 570 577 581 559 564 565 569 570 561 567 564 551 564 581 560 563 561 543 522 558 560 546 526 567 530 561 545 543 521 531 
491 477 457 434 440 431 436 441 427 412 412 398 411 429 434 419 433 448 449 438 421 424 429 432 432 422 434 451 451 446 424 449 449 462 472 433 420 446 440 444 442 437 439 452 463 431 438 437 446 444 435 445 460 466 433 448 417 425 452 447 449 437 442 424 432 415 425 420 411 424 423 430 435 426 428 436 412 424 402 410 422 421 419 431 424 410 432 410 407 396 412 414 413 401 422 408 392 404 417 417 409 
