475 421 400 371 378 350 350 346 328 331 335 316 323 318 296 289 293 296 286 285 292 281 291 294 298 292 295 292 298 301 278 297 281 289 280 271 266 278 286 293 289 274 270 295 283 281 277 282 268 281 274 283 274 268 267 264 266 278 279 262 260 273 258 257 264 268 261 267 277 264 271 261 268 271 281 271 280 271 272 267 271 271 258 261 259 263 261 267 267 258 255 262 247 254 262 263 255 270 263 263 265 
515 620 681 692 696 725 720 725 739 751 740 744 747 765 742 752 753 773 761 752 765 771 771 767 763 762 768 774 760 766 768 769 770 763 757 765 762 761 776 777 760 759 753 769 753 770 750 765 772 749 749 759 760 764 771 763 772 766 764 756 763 768 764 764 762 758 762 755 769 766 771 778 751 760 758 766 751 758 756 761 755 764 769 757 762 764 758 761 772 757 776 776 752 764 774 775 775 755 763 762 756 
492 474 498 504 491 498 489 510 486 479 535 495 514 515 502 500 489 499 506 495 504 502 505 523 477 486 483 474 471 447 473 455 429 436 460 435 422 408 419 417 403 414 427 413 398 397 394 409 401 400 402 378 373 371 386 391 393 403 401 399 384 394 388 380 372 367 378 400 375 380 402 375 343 361 349 361 344 339 339 329 358 341 339 334 315 328 328 324 325 311 327 323 327 320 312 300 283 306 311 304 296 
501 461 414 420 378 378 368 375 350 349 344 350 333 314 314 301 300 317 296 296 311 301 310 303 287 295 277 292 285 294 302 297 297 300 304 302 298 304 285 298 283 276 268 281 272 289 292 288 281 282 276 288 289 293 285 275 272 270 269 274 274 268 267 270 275 274 264 267 261 267 265 266 262 276 279 286 270 271 275 289 276 262 283 264 263 263 279 277 265 272 266 276 270 280 272 264 282 287 276 271 280 
497 573 605 639 661 685 683 677 711 721 706 719 726 736 721 727 738 735 721 729 736 744 739 745 736 745 736 743 728 745 732 747 724 745 746 741 745 736 748 737 744 744 735 743 738 744 754 757 746 752 751 750 745 737 735 752 741 744 748 749 754 754 741 745 739 733 743 740 735 745 744 748 749 745 746 747 753 741 749 740 740 736 745 746 749 740 757 738 741 756 762 750 760 754 752 752 742 755 751 740 752 
501 620 675 721 720 718 719 735 734 743 743 752 747 759 773 766 768 763 771 766 768 771 770 770 761 766 765 762 762 775 759 772 776 755 765 760 762 759 753 779 773 774 773 780 766 774 778 765 774 786 778 775 776 770 765 759 770 771 769 787 769 777 768 780 770 779 770 772 769 771 766 765 780 780 773 779 770 774 783 767 775 772 776 770 751 757 770 765 773 775 772 773 779 764 762 778 767 775 770 772 777 
487 439 396 381 348 344 350 347 328 305 323 305 316 291 323 313 291 294 292 312 284 297 299 293 281 281 271 284 276 269 256 279 257 260 258 250 250 255 264 248 253 259 264 250 264 255 265 261 244 265 258 249 255 252 272 263 237 248 250 240 249 259 255 257 248 269 249 262 261 258 255 262 258 257 262 262 244 251 266 256 258 247 254 254 273 251 267 259 254 232 234 242 251 253 241 240 227 237 229 242 243 
511 495 481 499 479 472 477 482 480 496 507 497 498 493 475 520 494 493 509 478 479 494 489 455 456 440 428 430 434 426 427 384 395 393 392 375 377 379 391 385 375 384 349 361 360 354 353 353 348 350 321 329 339 324 341 324 314 318 309 312 295 306 311 300 296 289 284 289 285 279 282 284 287 297 278 272 269 270 272 268 270 271 278 251 269 269 273 261 267 260 265 281 267 273 281 289 287 266 256 268 261 
483 397 368 336 329 300 287 282 277 276 278 277 263 267 260 263 244 240 249 266 241 244 239 250 241 221 238 245 241 236 243 249 246 241 243 251 260 245 242 247 245 246 245 229 234 232 233 227 226 239 238 225 224 217 227 237 232 236 236 231 228 247 244 249 239 230 233 239 232 236 234 225 225 231 245 245 250 238 244 259 255 236 237 231 246 249 242 236 228 241 238 223 237 240 232 230 249 235 233 227 230 
505 505 439 430 415 422 426 403 408 383 383 344 339 354 343 321 330 328 314 288 306 311 303 305 280 271 293 279 289 292 282 289 290 281 297 284 282 282 279 264 274 270 283 276 271 274 257 288 269 274 270 266 269 280 286 269 270 282 276 286 281 287 295 288 289 273 275 269 279 268 281 269 270 288 285 266 285 268 268 274 278 259 273 279 278 268 264 266 280 268 264 276 287 281 313 301 290 298 282 265 278 
521 697 739 779 765 777 769 779 785 791 793 791 793 786 789 792 797 792 794 797 797 790 793 800 793 793 804 797 794 791 779 791 802 797 799 804 808 798 802 802 804 799 798 794 789 796 795 803 800 797 794 795 802 796 801 810 810 804 802 793 796 799 794 797 795 787 792 798 795 804 796 791 800 795 804 796 797 804 801 804 798 804 798 800 801 804 806 803 807 808 796 795 802 805 786 813 801 800 801 808 803 
514 654 694 703 735 755 758 748 756 772 770 768 769 780 757 781 787 766 771 782 794 787 800 784 782 789 792 787 791 784 789 785 786 789 780 790 785 791 776 770 790 798 787 789 795 781 791 792 779 782 798 791 772 785 777 779 758 776 780 782 795 787 780 782 786 780 773 780 782 785 786 787 781 787 788 778 775 787 793 784 783 782 788 780 784 788 789 769 787 793 788 788 785 798 788 786 790 787 783 781 788 
512 426 388 385 344 353 336 344 327 308 300 295 300 285 292 285 289 293 281 275 278 256 281 276 290 277 281 277 277 274 259 279 287 262 280 269 257 258 272 268 271 263 258 264 261 268 257 241 250 254 250 255 265 272 262 253 267 248 250 269 245 242 252 243 265 260 256 265 248 254 238 256 256 268 257 251 243 247 260 257 261 258 250 245 242 241 260 264 255 260 257 257 253 257 253 262 260 243 252 262 240 
512 530 571 591 628 636 644 658 679 674 702 699 679 665 699 688 705 711 708 711 718 717 724 723 726 720 708 713 725 721 727 734 720 740 738 736 732 725 731 728 738 739 738 739 727 739 743 734 737 738 740 746 741 737 742 739 741 743 738 753 749 751 760 743 733 736 740 740 746 732 743 751 757 753 755 763 748 743 737 749 744 754 739 751 746 740 752 755 742 735 734 738 744 753 758 744 750 749 751 751 760 
469 340 292 273 249 250 244 239 232 221 231 225 214 228 227 219 217 216 237 229 218 217 217 233 231 224 220 230 238 233 226 226 232 244 236 224 229 228 220 221 222 233 231 229 215 222 230 216 209 222 209 214 225 209 207 213 217 207 216 216 209 217 230 213 209 208 214 218 226 206 217 217 217 204 212 207 215 207 208 217 211 213 208 213 215 210 215 226 220 227 215 226 218 219 225 213 222 224 221 227 229 
496 430 375 364 352 327 304 297 292 281 283 294 285 279 263 277 273 256 269 272 270 257 256 244 247 241 255 245 262 266 262 249 245 252 242 250 252 258 242 243 244 254 239 263 260 244 258 234 244 243 256 255 257 254 258 258 241 252 250 254 241 245 240 238 232 240 240 250 249 242 249 240 236 244 255 260 250 244 242 253 240 252 257 255 257 247 253 252 251 261 252 256 255 252 248 250 250 264 253 260 267 
485 452 433 403 383 356 336 320 317 310 307 284 274 273 273 272 269 262 252 253 267 258 264 259 257 253 245 262 249 252 250 258 242 240 246 246 247 243 249 257 244 237 247 250 259 245 249 233 228 226 234 234 244 252 231 244 246 243 255 239 238 228 225 237 228 233 235 249 234 240 252 246 252 242 254 242 242 240 245 230 233 236 231 234 255 236 245 234 231 239 233 240 243 245 220 240 226 234 225 218 228 
527 587 678 705 702 729 740 739 740 734 741 758 744 753 757 756 754 766 766 757 753 766 757 759 752 751 748 759 766 764 743 760 757 742 760 750 752 752 745 755 747 750 750 758 771 764 762 754 761 762 767 747 763 768 755 773 768 767 768 762 757 739 780 762 766 770 771 774 757 773 775 769 760 765 758 756 755 755 749 758 761 757 753 752 758 767 762 772 763 764 763 759 756 760 753 760 765 766 747 764 746 
510 578 572 600 640 645 629 640 645 662 688 675 690 690 690 707 698 708 706 694 720 741 732 715 730 736 739 758 732 761 745 743 756 735 729 734 749 742 741 748 745 745 735 725 729 719 726 725 719 745 741 736 731 749 743 732 749 743 730 729 739 734 732 758 750 749 749 755 747 751 766 757 761 754 760 749 744 757 749 750 761 760 755 750 751 763 760 761 737 745 749 736 734 749 752 748 751 756 733 745 750 
480 512 509 510 527 499 498 490 490 510 508 496 484 494 506 487 477 490 468 502 498 490 490 490 528 509 476 475 487 487 478 464 492 455 451 457 482 486 479 493 455 439 452 454 434 443 438 444 433 460 464 459 450 425 427 429 428 401 408 405 396 391 377 360 359 343 341 329 338 317 335 324 332 318 332 316 317 324 297 296 291 300 288 294 286 298 298 314 295 296 300 307 278 280 272 279 281 281 273 278 299 
