525 559 622 655 682 727 734 749 732 747 760 761 766 787 776 798 807 791 794 801 798 808 816 812 809 822 828 827 827 820 825 817 814 827 822 817 824 829 824 815 821 823 821 823 815 820 814 833 823 829 830 828 818 820 811 819 822 828 822 831 823 819 820 822 805 816 821 814 823 821 827 823 805 812 806 820 824 829 821 828 818 808 821 817 819 823 816 823 816 819 835 822 822 814 824 825 815 824 813 814 815 
470 381 302 255 245 208 210 203 203 201 209 187 180 182 183 177 167 185 183 184 175 175 166 181 169 172 177 170 173 175 171 170 176 170 169 179 169 165 169 168 172 174 181 176 178 180 174 173 185 170 176 175 176 170 173 184 172 174 171 162 166 178 168 169 174 173 172 176 176 165 174 178 174 175 177 178 162 172 178 169 171 160 168 158 168 172 169 169 164 176 160 174 173 176 165 171 168 174 171 189 167 
506 532 570 624 669 688 710 721 741 752 746 772 786 775 794 797 788 800 800 795 804 805 797 803 820 808 806 828 821 823 824 826 811 820 810 815 822 811 826 822 815 811 821 825 826 824 826 823 829 824 820 819 814 822 826 815 817 828 823 830 817 806 811 812 816 813 807 803 814 816 818 807 814 822 820 823 818 823 828 824 827 809 817 805 822 819 822 810 818 818 820 812 810 821 817 818 816 811 812 823 825 
496 481 472 458 400 395 395 357 336 352 316 304 322 288 284 268 246 246 228 245 242 230 223 235 225 222 221 211 210 209 214 202 199 199 202 204 197 197 199 199 194 190 194 187 179 195 181 200 200 187 199 181 174 175 197 175 187 189 185 181 186 186 188 185 180 181 177 189 173 177 185 184 188 190 192 189 182 182 188 178 180 185 196 185 174 186 185 187 181 173 180 196 172 170 184 183 173 176 183 177 186 
505 550 562 611 685 712 740 751 762 757 772 773 779 788 794 801 796 804 808 811 812 807 807 808 813 822 817 821 815 823 832 832 829 822 810 827 827 820 827 830 821 824 830 828 823 825 821 829 831 835 828 823 822 824 833 833 827 826 832 828 832 829 823 819 828 830 821 828 819 828 828 830 828 823 825 830 829 836 831 833 820 826 829 823 830 825 822 824 816 813 820 809 828 834 836 839 834 827 832 824 824 
486 384 292 259 218 209 199 207 199 194 189 181 183 179 173 170 171 178 161 173 173 173 173 168 192 175 174 165 172 164 170 159 173 171 173 175 167 167 176 166 172 167 172 166 178 168 172 169 172 164 172 174 170 174 167 175 178 179 176 175 171 169 172 168 166 168 163 164 170 165 161 161 170 176 174 168 167 178 169 171 175 172 171 170 178 168 175 177 178 178 169 165 168 170 182 169 181 171 176 172 184 
508 412 369 290 268 250 246 250 233 216 219 207 204 194 179 184 186 190 188 178 190 183 188 183 182 186 179 179 182 179 182 180 179 183 179 188 182 180 188 176 185 178 171 174 175 183 187 174 186 184 175 176 180 173 171 181 176 180 187 181 181 185 187 179 178 180 186 174 177 181 186 183 180 175 179 182 182 183 188 180 171 179 170 183 186 172 188 176 174 176 180 172 166 184 178 180 185 180 182 185 182 
491 450 348 319 260 253 234 209 219 205 193 187 185 186 176 193 191 186 186 165 172 169 174 183 171 176 173 179 180 172 177 164 169 163 166 171 169 170 168 173 176 173 177 168 178 168 178 173 170 160 178 173 172 170 158 167 171 176 168 181 173 175 180 173 177 174 166 175 169 173 169 167 170 172 174 174 175 182 176 177 174 179 178 176 177 176 176 172 166 172 174 173 166 165 179 176 167 175 170 168 164 
527 762 813 832 844 851 847 839 837 853 852 855 844 849 856 860 852 853 851 849 852 853 845 841 855 848 852 854 856 856 859 858 854 863 857 857 851 857 853 864 855 848 863 853 851 848 855 860 852 852 853 850 851 852 862 846 853 851 853 851 862 855 849 858 850 848 853 847 845 850 858 847 848 844 852 845 844 846 850 850 852 851 854 853 856 855 851 851 858 847 845 848 852 847 848 859 849 854 853 848 854 
486 351 263 236 213 202 200 192 189 191 193 179 185 177 168 168 170 173 180 175 180 170 166 163 171 172 177 176 168 160 173 158 167 161 157 157 157 162 163 173 169 164 159 156 171 161 169 172 169 170 168 172 171 159 175 162 166 162 166 162 164 163 162 158 169 164 168 162 168 164 174 164 163 162 170 166 167 170 172 167 174 172 162 164 156 163 163 169 152 157 163 166 159 169 169 161 162 165 170 160 170 
518 583 669 692 731 751 767 776 785 794 798 807 806 799 810 817 816 804 825 813 825 813 828 817 825 831 829 820 824 821 829 823 823 820 817 813 823 825 822 819 824 822 815 817 826 820 822 814 816 822 826 818 825 823 833 823 825 823 813 828 826 820 827 822 805 820 827 819 812 814 817 824 815 827 822 824 828 818 815 818 818 823 814 814 819 820 821 825 833 830 818 833 816 822 810 809 823 811 819 814 814 
525 597 695 755 767 784 798 804 814 806 820 813 817 826 825 824 833 821 832 825 832 824 830 830 839 831 840 826 836 838 839 833 833 838 829 831 833 835 833 839 842 829 830 838 844 832 850 829 831 829 834 835 837 841 836 838 837 830 838 828 833 830 838 840 845 837 830 834 834 836 843 828 814 833 835 827 831 839 842 844 844 839 830 837 832 834 832 837 832 839 837 834 827 829 836 832 828 840 826 833 840 
511 483 446 382 351 322 322 271 261 264 264 236 242 216 222 213 200 201 199 189 194 202 183 188 187 190 172 187 188 186 183 173 170 190 182 182 185 187 179 171 182 177 179 182 190 188 173 170 181 167 167 176 174 168 175 177 175 178 173 170 175 185 175 167 165 167 168 171 168 176 175 169 174 172 171 173 182 175 164 179 191 180 180 170 176 173 188 187 171 173 186 169 180 181 179 174 183 175 172 166 170 
504 334 249 218 209 192 184 179 172 173 168 168 170 171 156 161 162 162 170 166 166 167 164 174 170 166 155 163 164 161 161 167 159 161 161 169 171 158 178 167 163 164 164 168 167 166 162 164 171 161 163 161 151 172 176 176 165 168 170 173 169 161 162 170 163 158 153 168 160 166 159 158 165 169 171 173 166 163 159 161 160 161 165 170 168 167 171 169 164 178 174 160 174 159 164 176 176 164 175 168 167 
511 386 329 277 252 235 208 210 213 204 193 188 184 175 177 188 177 177 173 180 179 187 176 166 178 190 190 189 176 178 178 171 167 181 181 167 181 167 173 170 175 173 175 168 182 168 168 174 166 175 167 175 173 176 175 176 170 167 168 175 183 169 171 180 165 167 172 170 174 171 179 168 169 172 173 181 175 182 177 171 171 176 175 163 165 174 179 176 176 175 178 170 174 177 177 174 164 162 168 178 178 
494 524 524 570 575 596 643 677 695 703 714 723 738 737 740 756 760 763 761 789 781 790 787 798 795 793 797 794 809 812 809 822 816 812 811 808 818 812 804 804 813 813 812 810 814 812 811 810 811 807 813 815 812 815 810 814 801 819 811 804 806 813 820 816 812 819 808 816 818 819 811 811 805 814 828 819 812 815 810 806 809 815 814 821 826 819 821 812 812 808 817 823 812 811 804 808 814 807 819 817 805 
485 413 288 255 230 225 202 215 205 204 186 190 181 182 182 169 167 167 165 167 166 162 167 165 163 161 159 164 155 169 159 166 166 162 164 168 171 173 167 159 171 161 161 163 170 156 167 161 161 168 164 169 154 167 165 160 165 167 180 160 165 162 163 162 168 159 162 162 171 172 169 162 157 165 152 160 163 167 163 162 156 154 155 163 158 157 169 169 160 169 166 167 160 165 169 168 157 166 163 162 159 
525 670 751 788 796 822 817 828 829 831 829 842 837 836 840 842 844 840 843 850 835 835 839 834 839 844 844 844 847 844 854 843 837 836 843 839 840 838 837 839 842 851 850 845 842 843 837 850 846 855 846 834 841 849 836 847 839 837 833 829 845 836 839 840 838 848 842 840 857 838 848 841 843 846 845 848 843 838 838 840 845 838 848 850 849 847 844 854 845 845 838 838 841 839 835 837 843 850 856 841 844 
502 576 649 680 731 738 768 759 766 781 785 800 793 808 784 797 803 805 804 813 798 808 817 828 820 817 828 832 826 832 836 821 817 827 820 823 821 829 819 819 830 831 824 820 823 834 829 819 830 830 821 835 821 821 825 826 825 827 827 820 827 827 823 815 821 830 826 829 829 834 826 831 821 821 823 820 823 826 825 823 826 829 820 822 820 828 819 827 832 826 823 829 820 818 832 822 825 821 824 808 818 
488 407 326 256 246 225 213 198 198 198 191 190 168 184 164 178 179 162 156 169 156 169 159 168 166 165 165 164 166 168 167 166 169 166 163 166 168 158 163 164 167 160 158 172 173 161 173 166 170 167 166 170 167 178 174 165 167 175 173 169 171 174 172 170 175 171 163 168 162 156 166 166 160 178 161 182 179 169 170 168 175 180 170 176 164 178 158 186 174 166 168 174 168 181 172 167 175 173 165 167 164 
