470 205 137 125 105 111 100 99 91 97 98 96 98 91 92 92 95 97 88 99 92 95 92 87 91 94 91 92 94 98 95 99 87 93 96 97 94 93 97 95 89 93 94 93 92 87 87 94 89 87 89 100 96 95 97 90 90 95 100 93 96 96 90 96 96 99 99 91 100 100 93 98 95 95 94 96 95 96 96 100 91 101 91 97 92 99 91 94 94 90 105 104 94 95 98 91 95 95 89 96 91 
475 319 247 176 170 151 163 142 136 133 126 118 123 112 115 123 115 117 113 117 116 121 115 115 116 116 114 111 120 118 119 114 113 108 113 115 108 117 104 126 120 123 121 114 117 115 110 112 111 112 110 108 115 118 123 113 117 110 117 113 117 118 117 109 117 112 112 117 118 109 111 108 107 110 110 106 113 112 119 113 114 113 107 112 111 109 117 118 107 106 118 108 111 108 114 127 118 111 113 122 117 
523 512 520 511 522 509 533 563 577 588 631 655 680 700 725 729 739 772 801 793 801 811 810 825 839 830 838 837 841 848 851 855 862 859 864 860 863 865 869 864 871 865 866 864 865 873 877 873 869 874 873 879 875 883 878 883 874 879 879 875 869 880 884 887 886 890 879 886 882 879 881 884 869 875 879 870 883 882 883 882 885 880 874 887 880 882 876 882 892 886 880 880 882 874 877 875 880 883 882 878 882 
509 612 718 796 837 834 847 858 865 861 884 877 880 878 872 879 877 886 890 884 883 886 887 882 893 890 885 894 887 888 887 886 883 894 888 891 885 891 895 895 888 886 894 887 890 880 890 891 891 887 884 879 896 878 886 880 883 883 886 888 893 888 884 888 894 893 887 887 894 888 880 884 891 892 887 890 887 893 883 892 890 895 884 893 889 889 889 891 885 883 888 889 879 882 881 891 893 888 881 885 889 
508 498 512 544 592 656 693 723 747 757 772 765 793 799 822 828 828 843 851 850 853 860 861 867 870 873 874 884 875 879 877 882 875 873 880 879 886 887 889 877 882 885 876 882 881 888 885 886 879 880 891 879 883 889 876 878 882 884 878 886 879 886 888 885 878 887 889 881 885 891 890 889 890 887 887 885 886 882 890 887 880 881 885 881 880 884 893 888 889 885 881 893 890 882 885 882 878 880 884 880 883 
514 441 335 276 234 199 206 203 167 154 168 153 148 160 146 134 134 132 132 140 139 135 131 132 135 127 121 124 118 123 124 131 123 128 129 128 130 127 122 130 123 126 126 118 123 126 124 121 129 128 123 122 118 130 122 126 122 133 126 126 127 125 125 124 121 118 131 122 121 121 123 122 127 124 122 117 127 118 120 129 120 124 134 124 124 121 126 121 123 120 114 131 127 122 123 124 125 124 121 130 123 
495 353 221 174 169 154 150 130 114 118 114 118 114 129 112 114 116 123 124 108 115 108 114 110 112 115 108 117 112 108 115 113 113 105 117 111 117 114 116 114 115 116 116 115 116 118 108 114 109 109 112 110 115 112 112 108 107 109 111 104 109 110 108 107 113 104 116 111 120 109 113 113 107 103 110 112 108 114 111 110 118 106 117 110 116 117 113 111 111 114 118 112 105 115 110 117 110 110 112 108 118 
493 465 392 276 264 223 206 183 165 167 151 144 146 148 140 143 131 132 124 122 126 115 124 120 115 124 118 118 117 120 114 121 121 112 124 119 112 114 117 109 122 112 122 122 109 116 114 116 126 108 119 112 121 108 120 116 113 115 115 112 108 112 108 124 107 112 110 113 110 112 110 111 114 114 117 112 110 117 103 114 112 114 119 121 120 118 117 114 118 126 117 110 118 122 110 122 114 119 120 116 122 
502 458 326 261 223 221 189 178 155 148 138 136 134 129 127 123 126 125 120 118 124 121 121 116 130 121 124 124 118 117 110 115 111 114 114 111 112 109 116 114 111 118 115 108 106 114 111 111 113 116 118 113 111 114 112 112 110 111 114 114 110 109 118 115 120 113 108 114 119 107 112 110 118 112 109 109 114 106 117 113 115 110 111 107 111 116 112 108 114 114 111 112 112 114 118 112 116 118 122 111 110 
521 440 268 201 201 186 167 143 136 138 136 134 137 130 125 132 132 128 125 135 129 128 120 115 114 127 118 115 120 126 124 114 123 115 111 115 111 120 115 122 121 118 121 126 116 116 114 113 119 119 115 118 121 116 118 108 116 115 122 118 124 123 118 115 116 116 112 123 112 113 114 122 119 122 120 121 120 117 120 120 116 129 111 120 122 116 116 112 112 110 121 119 117 125 114 132 119 115 116 118 118 
514 363 230 202 169 164 146 150 142 132 128 124 115 131 124 122 117 110 118 117 110 105 104 113 108 107 117 115 124 115 115 111 104 119 116 113 113 112 108 112 120 116 116 111 111 113 117 111 113 114 112 118 109 115 120 108 114 114 109 111 118 111 108 113 118 106 116 107 108 110 111 112 111 108 116 104 106 114 111 109 117 111 109 117 108 115 107 108 117 114 107 109 112 108 113 116 110 110 116 121 121 
498 577 716 780 803 812 835 835 857 846 858 861 868 865 880 876 885 882 883 882 878 883 884 886 886 884 881 877 875 881 888 882 885 882 884 879 885 893 887 891 888 890 888 876 889 894 888 884 884 878 887 882 889 886 886 884 888 893 891 888 892 879 889 884 883 882 882 887 879 892 886 884 876 887 888 888 888 889 892 883 888 885 888 889 896 884 874 885 891 874 893 882 887 878 894 894 886 887 886 891 894 
519 376 269 240 214 184 186 165 158 151 152 142 137 141 141 135 136 132 127 133 128 136 123 132 115 121 122 118 122 118 119 117 123 118 115 128 123 120 126 118 108 118 119 121 112 123 121 115 115 115 118 114 119 121 114 110 115 110 113 115 112 114 120 117 121 118 125 113 115 126 126 127 117 120 108 117 122 117 116 119 121 120 115 112 117 115 118 116 115 112 117 113 115 112 118 121 124 112 117 114 116 
483 527 549 571 613 650 689 740 762 784 785 810 817 814 836 837 862 848 853 865 866 858 873 859 873 880 883 879 880 877 884 875 889 884 880 879 884 887 880 877 880 887 888 885 889 887 887 882 877 878 871 896 888 879 887 885 881 892 884 889 883 880 888 879 886 879 888 889 890 875 879 880 889 884 891 880 883 882 884 894 879 886 882 887 891 889 882 885 882 878 881 884 880 882 887 883 889 889 894 887 879 
535 725 821 846 858 866 871 880 883 887 880 878 894 892 890 885 889 895 894 893 889 889 893 890 884 892 895 893 896 896 904 897 891 891 891 894 888 892 897 899 886 892 892 890 891 897 893 899 895 892 891 890 896 901 899 891 897 893 892 890 893 893 886 894 898 893 891 893 891 895 889 896 891 897 898 895 897 895 895 897 896 896 891 888 898 887 888 895 892 893 896 893 892 899 889 882 887 886 891 890 894 
480 442 343 251 217 194 194 165 162 160 145 145 139 136 131 128 133 122 123 122 128 126 130 128 124 127 120 119 118 124 124 122 120 117 112 112 117 119 119 114 121 121 124 119 113 114 115 125 119 121 114 115 120 123 113 119 118 113 114 114 123 114 121 113 123 116 115 117 122 116 123 120 113 117 114 115 112 121 119 117 118 121 122 124 120 114 112 108 118 120 118 115 122 112 115 109 115 120 112 118 121 
525 755 860 867 879 890 887 894 889 890 898 894 896 899 900 899 898 893 897 894 903 906 895 894 897 897 892 898 901 895 895 896 899 896 899 895 902 899 898 896 898 893 894 903 894 899 891 894 900 892 897 902 903 898 895 889 893 899 896 890 893 899 895 901 892 889 892 886 899 904 898 900 895 901 898 894 903 898 898 897 892 892 903 891 892 894 901 903 907 890 897 895 903 896 899 905 902 902 897 899 901 
513 769 832 855 866 882 886 889 893 895 892 892 895 902 902 898 897 894 886 898 896 902 893 895 897 898 894 898 896 898 898 891 895 892 893 897 898 893 893 892 896 889 897 888 899 894 900 903 896 895 903 900 904 898 899 900 896 894 902 898 900 906 896 894 895 893 897 897 895 899 898 898 898 894 889 895 892 899 897 899 897 898 900 899 901 897 897 898 904 902 901 900 900 900 896 900 893 901 894 888 895 
511 625 754 798 814 835 840 862 856 862 868 870 875 876 878 884 881 885 882 889 886 889 891 890 881 886 892 891 891 890 875 883 886 889 894 886 891 891 881 890 886 891 886 881 882 880 888 892 889 884 885 887 891 894 898 891 879 887 894 886 883 888 890 889 880 890 888 887 883 886 878 889 885 889 891 895 889 889 888 883 884 889 892 891 883 890 883 884 886 884 882 885 892 892 893 883 886 893 892 881 888 
548 757 842 870 872 874 887 882 885 896 901 897 902 895 895 896 899 898 899 892 892 893 901 902 898 903 892 896 904 894 903 897 900 892 907 906 898 900 896 895 902 906 900 903 895 902 899 898 903 901 899 901 903 904 896 900 900 901 908 902 905 902 905 901 902 907 905 903 903 904 896 899 905 900 894 895 902 900 897 892 898 903 904 904 900 890 899 901 898 900 900 900 903 898 902 901 903 900 899 904 900 
