474 632 805 852 880 872 903 908 909 915 926 931 931 936 932 936 934 933 937 929 939 937 944 935 940 943 936 937 940 941 944 941 933 941 945 943 944 942 939 938 937 944 940 940 940 939 941 943 949 951 942 942 935 943 941 942 940 947 944 940 941 942 943 945 940 945 942 943 939 942 946 944 943 937 945 947 941 943 938 946 941 945 939 945 944 939 937 947 944 943 944 938 947 947 940 946 949 946 941 945 948 
504 252 142 107 94 81 81 75 72 69 72 72 62 57 59 62 63 61 62 64 58 57 62 61 57 54 62 57 56 59 56 53 56 58 59 57 58 56 54 58 61 57 58 58 62 59 54 56 54 57 54 57 60 57 58 56 51 57 51 59 59 58 57 52 62 57 56 57 58 57 57 59 57 57 52 56 60 62 54 57 63 58 58 57 59 54 57 61 55 59 53 61 55 52 65 65 59 57 54 58 60 
533 760 879 892 906 926 926 923 926 918 938 935 940 937 937 940 940 942 947 947 947 946 943 944 947 944 945 944 946 949 945 944 947 947 944 947 940 947 944 950 943 950 948 951 943 950 945 943 947 951 944 947 941 945 946 938 946 949 948 946 940 944 951 949 945 945 945 948 938 948 945 947 949 950 948 944 946 938 945 944 942 947 940 938 952 948 950 949 948 947 945 949 942 937 936 938 941 945 942 949 941 
484 210 108 97 78 67 66 67 57 61 58 55 55 56 55 54 51 54 54 54 52 52 54 49 51 48 47 51 54 52 49 54 54 50 49 52 48 50 53 55 50 48 52 52 48 54 59 46 53 51 55 56 53 54 52 53 53 50 54 51 56 57 55 46 49 46 52 49 53 55 50 53 51 49 52 52 52 50 52 52 56 54 58 50 52 56 50 49 48 48 57 56 50 51 52 50 58 56 49 48 57 
516 728 872 894 902 915 922 916 923 941 934 931 934 943 935 938 936 936 935 938 937 944 934 939 942 945 942 946 941 940 942 947 940 946 944 943 946 944 946 946 945 944 945 943 943 945 949 946 948 940 942 945 938 944 938 939 944 949 946 942 944 943 942 946 946 944 946 937 947 946 944 945 942 948 944 944 947 944 950 941 946 947 949 946 949 944 945 947 942 945 944 945 941 947 943 943 944 950 943 942 946 
486 295 169 108 102 78 68 76 72 56 56 59 56 52 53 52 52 48 52 52 54 50 51 55 56 51 52 50 49 52 53 55 51 50 52 52 55 55 50 52 51 54 47 48 58 52 54 49 52 49 51 47 52 48 50 47 56 51 51 52 50 57 54 49 53 53 53 57 48 55 56 50 59 50 51 56 53 54 57 51 56 53 49 51 50 53 51 49 52 54 51 50 60 46 47 50 50 57 50 53 49 
487 329 161 134 108 97 96 81 70 69 66 68 69 68 63 67 64 66 61 67 62 66 60 59 63 59 58 66 59 63 64 63 55 59 58 58 53 58 60 51 55 57 58 58 57 60 59 61 60 59 54 57 66 58 52 55 56 57 57 54 61 62 58 62 59 57 56 59 54 59 55 54 58 58 56 58 59 55 60 60 56 63 63 58 55 52 56 52 54 57 59 61 53 51 58 52 54 54 55 61 61 
506 645 821 866 882 894 911 916 912 904 919 921 924 934 931 930 937 932 936 934 931 933 936 933 938 944 937 941 936 941 938 934 935 933 933 943 936 940 943 936 940 943 941 937 939 936 937 944 938 940 937 937 944 940 941 938 934 937 934 936 937 941 937 946 939 939 945 940 944 935 939 936 942 938 936 938 938 946 936 942 940 943 937 936 940 941 939 943 933 941 942 942 941 938 942 931 941 937 934 942 936 
527 726 850 882 906 910 911 913 928 919 940 937 930 939 937 936 933 937 935 938 937 934 936 933 943 939 938 940 931 932 943 939 946 945 939 936 943 942 934 939 937 940 944 941 940 943 939 936 946 940 942 938 941 938 941 941 941 936 937 941 944 942 937 942 941 940 940 940 939 942 941 941 940 946 941 939 944 939 944 939 941 939 939 947 941 935 943 943 935 943 943 941 945 943 940 943 937 937 944 937 943 
501 269 149 99 97 94 79 73 68 66 58 62 59 65 63 57 56 53 59 56 49 56 59 52 53 58 56 53 51 54 55 58 55 57 55 52 53 54 53 56 57 56 51 63 62 52 58 48 55 54 58 59 58 55 55 57 54 59 49 57 52 52 51 50 50 57 50 54 49 59 58 54 55 49 55 57 56 59 56 59 50 52 50 55 54 55 55 50 54 50 57 56 56 54 54 51 53 53 53 52 57 
487 339 155 113 109 95 89 77 74 67 80 66 64 69 72 66 72 63 58 63 61 67 64 60 63 58 61 68 56 56 54 59 56 62 57 61 57 55 53 57 54 57 57 62 59 54 61 57 61 57 62 63 59 56 53 56 61 63 56 54 55 55 58 59 58 64 61 59 62 54 62 59 61 56 52 54 61 56 54 55 58 59 59 59 60 57 58 54 59 62 56 63 58 56 56 63 59 55 53 52 54 
494 775 878 910 914 938 936 934 940 944 944 937 945 938 944 946 949 945 945 952 947 943 952 947 947 952 948 954 945 950 944 948 948 946 952 946 939 951 953 951 948 953 953 949 946 950 944 950 948 947 952 948 944 945 948 944 949 948 950 950 949 955 947 946 953 945 948 954 949 948 948 949 946 950 952 949 950 948 948 947 948 951 950 950 951 951 953 945 952 952 948 954 950 949 941 942 945 949 947 947 949 
501 839 905 912 926 940 944 942 943 938 944 937 947 944 947 944 946 944 940 946 946 943 944 943 941 946 943 941 948 941 946 936 943 946 950 944 947 945 940 946 944 945 947 943 948 945 944 942 944 945 950 951 948 939 941 947 945 945 947 945 943 945 939 951 946 949 941 945 948 945 940 944 943 949 949 944 946 942 944 947 936 947 950 947 946 938 945 948 944 939 941 948 948 942 946 951 949 940 941 949 943 
492 192 104 80 83 74 63 63 64 60 66 60 51 58 56 61 54 61 55 59 48 54 59 55 57 55 60 55 55 54 55 57 60 60 55 57 56 61 57 61 58 60 60 58 54 58 51 59 53 59 58 58 52 54 62 57 50 57 57 52 60 53 59 61 54 54 55 56 61 53 54 52 53 52 57 53 54 51 50 56 53 61 54 53 58 52 52 52 54 55 54 57 67 53 55 51 51 52 48 58 56 
506 696 841 881 894 900 919 911 914 925 914 918 926 931 928 941 929 932 939 938 934 931 935 930 938 934 933 923 931 932 932 940 932 938 938 929 937 936 940 933 936 934 931 934 937 933 938 938 934 939 936 937 929 939 936 936 931 937 932 937 934 942 939 935 935 937 935 930 938 930 938 937 936 940 929 934 938 935 935 931 939 938 938 938 940 936 941 936 940 940 932 938 936 938 941 937 938 934 932 935 933 
501 548 706 804 830 847 872 888 885 897 900 899 910 920 915 923 927 924 927 932 923 930 930 932 930 925 933 934 933 934 923 929 925 928 938 936 935 939 932 932 937 935 939 937 943 937 928 939 940 935 938 933 938 941 932 942 938 940 936 942 936 936 940 936 936 937 935 942 935 937 935 939 934 933 931 932 932 935 938 934 933 938 928 933 930 935 936 940 943 936 943 935 936 939 941 936 935 938 938 934 941 
476 204 118 97 83 76 64 67 70 68 57 56 58 57 54 49 51 53 57 54 55 59 53 62 47 50 48 55 49 51 55 57 57 58 50 51 49 51 51 47 55 53 50 50 56 55 53 52 50 49 53 51 50 54 54 54 54 51 50 58 51 53 53 59 48 50 55 56 53 47 54 56 51 52 53 54 51 51 54 45 50 54 58 48 50 52 53 50 53 51 50 52 48 47 50 53 51 49 53 54 52 
495 225 127 98 99 87 82 78 78 63 66 64 63 66 67 55 54 58 59 62 61 59 58 49 61 61 60 53 60 59 66 57 53 56 52 55 53 58 63 56 50 56 57 58 55 51 56 54 56 57 51 52 60 54 62 61 59 57 61 52 57 55 49 57 55 55 51 52 51 55 53 58 54 56 53 55 57 59 53 56 54 55 49 51 53 54 60 54 57 58 58 54 57 58 51 58 55 55 55 54 54 
494 426 210 134 130 120 100 107 88 84 76 69 66 73 74 63 65 64 64 62 60 66 62 60 55 56 59 56 53 49 56 56 58 58 58 51 54 52 54 53 56 57 53 54 57 53 52 53 56 50 51 50 53 54 60 53 54 57 54 54 54 49 55 57 57 51 52 56 52 58 55 49 50 49 54 57 52 53 54 58 50 54 54 47 53 52 51 55 64 56 55 51 54 48 53 56 55 51 51 49 53 
481 206 108 91 91 77 70 67 67 70 65 65 72 65 64 64 62 61 62 57 63 55 53 58 58 63 55 59 57 58 55 58 58 57 58 65 57 56 59 67 66 59 61 54 61 54 58 55 57 57 63 64 58 58 60 62 63 59 58 58 54 56 58 60 53 59 59 57 63 55 59 60 65 59 57 61 62 61 63 57 61 64 57 58 63 63 59 60 55 56 61 61 54 57 58 57 54 56 57 59 61 
