489 293 102 60 49 57 40 31 20 21 18 23 18 14 7 12 11 13 2 9 4 13 7 5 4 3 8 3 6 7 6 8 7 4 9 6 5 3 7 5 6 7 5 5 9 5 7 5 4 6 6 1 3 5 7 7 4 5 7 9 14 6 4 5 7 10 9 1 6 4 10 4 7 6 7 6 11 5 7 6 5 0 6 9 4 6 4 13 1 13 3 6 3 9 7 2 2 3 5 5 4 
489 711 890 926 942 957 961 962 971 973 982 987 980 987 995 994 988 991 989 993 991 993 992 993 993 988 989 996 998 995 998 995 995 995 995 992 995 992 992 997 1000 997 997 993 990 998 994 995 991 995 999 993 996 994 992 996 995 993 994 996 993 995 995 998 994 996 998 991 991 992 996 993 988 994 990 999 998 994 994 992 993 994 994 998 991 996 992 994 994 991 994 991 992 994 995 992 990 995 992 998 993 
505 649 849 909 931 947 967 971 978 978 978 985 980 980 982 988 993 990 991 991 986 993 991 992 991 994 995 993 993 991 994 990 993 992 996 994 997 996 996 993 991 998 996 997 994 993 995 993 992 992 995 994 992 993 991 995 996 994 997 994 994 993 996 992 996 995 995 993 999 994 993 992 991 991 991 996 992 997 996 996 992 994 996 997 991 993 995 998 994 995 996 995 996 993 994 993 997 993 994 993 992 
483 506 455 298 216 152 122 102 101 82 68 55 59 40 37 39 31 22 29 12 13 16 11 12 19 11 7 6 10 11 8 6 3 3 9 7 6 9 3 5 3 7 9 9 5 4 8 7 10 5 4 11 3 6 8 6 3 3 9 5 7 8 10 4 7 8 8 7 9 12 6 6 6 5 6 3 8 9 6 9 7 6 8 7 6 9 6 11 6 7 5 5 4 6 4 14 5 5 6 11 4 
514 396 144 96 61 47 42 58 30 29 27 28 26 18 10 13 9 10 9 6 10 14 7 9 4 6 6 2 4 8 6 6 8 9 2 6 11 5 8 6 6 6 4 4 7 0 7 3 6 8 8 7 6 7 4 7 5 3 7 5 4 6 8 4 5 5 1 3 3 11 4 6 3 4 9 8 5 7 3 2 5 6 7 10 4 9 8 8 6 10 9 7 7 4 3 10 3 4 6 4 7 
511 718 907 930 936 952 955 966 964 974 971 980 981 986 991 993 992 995 984 996 992 991 993 993 991 994 994 995 993 993 995 995 996 994 993 994 993 996 995 998 993 996 997 995 995 993 995 994 988 990 991 989 991 996 990 991 995 993 995 995 995 995 996 996 995 994 994 993 994 997 992 991 990 994 993 995 993 997 998 994 993 995 992 992 995 993 989 993 993 991 996 993 991 993 993 993 998 997 992 996 993 
512 456 230 139 107 78 60 59 56 55 30 27 25 20 15 14 14 15 15 11 8 5 7 9 8 5 9 9 6 7 5 6 4 11 8 12 4 7 8 6 5 2 4 1 4 3 1 5 1 7 5 5 5 7 6 3 4 5 5 11 9 3 3 2 8 10 6 10 4 5 5 7 2 3 11 4 9 2 5 5 6 6 5 8 4 14 5 5 7 7 8 6 6 9 5 7 5 5 10 4 5 
498 359 133 85 62 47 39 35 30 33 15 18 11 19 8 11 9 8 5 7 9 3 2 5 9 3 12 6 5 11 3 7 6 5 6 3 7 8 6 8 10 8 8 4 8 4 5 5 3 8 4 3 11 7 2 3 10 2 11 5 7 8 8 6 8 4 8 8 5 9 7 8 8 12 13 11 3 10 5 3 5 7 5 5 7 7 11 10 6 4 6 5 7 9 7 4 6 10 8 5 5 
510 637 873 922 939 942 960 964 977 980 980 981 981 991 990 992 993 990 987 992 991 993 989 991 991 992 991 992 986 992 995 989 994 992 995 996 995 996 992 995 994 995 991 996 995 994 996 992 995 993 996 992 993 989 995 995 998 994 996 995 995 992 989 993 996 994 990 996 995 994 997 997 993 994 993 990 995 996 995 996 993 991 997 990 998 994 995 989 990 993 991 988 995 991 995 995 997 994 995 994 987 
498 166 73 37 53 30 35 21 21 9 14 18 14 13 3 7 7 5 7 7 6 8 6 6 7 4 11 7 4 8 4 2 10 8 6 6 4 7 5 9 8 5 9 5 7 3 7 5 6 6 5 5 7 4 7 6 4 2 9 3 8 6 5 6 4 6 7 11 5 3 8 7 9 5 4 3 9 7 7 5 5 4 6 3 8 9 7 4 4 8 5 7 5 9 8 8 11 8 8 9 5 
512 739 890 930 946 959 961 973 980 975 979 979 984 990 991 993 993 993 996 993 997 995 991 995 995 991 987 993 995 995 996 997 987 996 998 993 995 996 994 998 993 996 993 995 995 994 998 996 994 995 995 994 996 994 992 992 991 994 994 997 994 992 996 995 993 999 990 994 994 989 994 996 993 994 998 996 996 997 995 994 995 995 993 997 993 995 992 998 994 994 999 994 997 995 990 995 993 990 989 991 993 
526 582 823 887 912 925 947 952 963 955 966 971 978 976 981 990 984 988 995 992 997 994 997 996 988 994 996 996 993 995 995 997 996 992 998 991 990 997 991 999 992 995 993 996 995 994 994 988 995 993 994 994 991 998 996 996 996 996 994 994 995 995 993 996 995 996 996 998 996 994 1000 995 990 997 997 996 993 992 993 993 995 989 995 997 993 993 995 999 996 996 991 992 994 994 994 997 992 995 994 991 995 
495 185 79 47 42 32 27 17 13 16 9 6 11 10 13 6 9 6 4 8 9 9 2 5 6 12 9 6 3 2 10 4 3 8 4 10 6 4 8 5 6 8 8 7 4 9 5 5 8 9 6 3 5 7 5 7 10 5 8 8 5 3 4 8 6 5 11 13 6 7 5 8 5 2 6 6 5 4 7 4 4 3 8 2 3 6 9 8 8 11 6 3 2 7 14 4 1 4 8 7 4 
508 205 78 65 40 35 28 30 26 12 12 18 14 13 3 8 12 9 6 4 4 6 5 3 6 5 3 8 4 8 4 8 4 3 5 5 1 6 6 7 2 2 4 9 12 6 7 8 10 8 8 4 3 2 4 2 4 0 7 5 6 3 9 9 2 8 7 9 5 3 2 3 12 9 6 7 7 5 5 7 8 5 8 7 7 10 8 4 8 5 6 7 6 6 4 3 10 1 9 11 7 
491 793 923 946 961 958 973 976 976 983 984 989 991 984 991 989 994 992 996 997 994 991 995 991 998 998 997 990 996 998 989 990 991 997 995 994 996 994 992 995 990 993 993 997 996 999 995 996 997 993 990 994 997 993 994 991 995 993 994 993 992 990 994 994 993 993 995 995 994 994 994 991 988 998 995 993 1000 994 995 989 994 995 991 991 994 994 993 993 989 998 995 997 994 991 995 993 993 994 997 995 987 
516 707 875 922 950 946 948 962 962 970 975 981 982 982 989 992 993 990 990 991 988 989 992 989 994 994 997 991 991 994 995 995 989 993 995 992 996 998 997 998 996 994 999 995 991 994 996 992 1000 996 995 995 996 993 993 989 992 993 996 989 993 994 996 993 987 993 998 996 993 993 991 994 997 993 994 992 993 993 992 993 995 996 992 997 995 995 996 996 993 994 992 995 994 992 994 993 996 997 993 990 996 
493 542 763 843 894 916 915 935 950 951 961 956 969 977 970 972 983 985 985 984 982 986 986 987 990 992 993 995 988 994 999 992 992 992 995 994 996 993 993 999 996 991 993 994 993 994 997 995 997 991 997 990 998 993 993 991 996 992 992 997 992 994 997 990 994 999 994 996 987 993 996 995 994 992 992 994 995 992 999 992 995 994 997 996 995 998 995 995 992 992 998 993 992 992 995 998 996 995 996 997 996 
507 844 937 951 967 987 983 986 993 986 991 987 991 989 995 989 998 995 993 996 995 994 997 993 993 995 996 996 992 994 992 992 994 993 992 994 994 999 994 993 992 995 994 993 992 994 996 996 991 996 992 992 998 998 996 995 996 995 997 993 990 996 996 992 998 997 995 995 994 992 995 994 995 996 996 995 995 999 993 997 995 992 994 995 993 993 992 995 990 996 996 996 995 993 995 992 991 996 995 994 997 
541 748 896 935 953 956 970 966 974 973 979 979 981 984 987 987 988 990 985 995 989 994 993 992 991 996 992 992 996 991 994 995 995 994 990 993 993 988 996 994 995 994 997 993 993 995 995 991 989 994 994 991 995 994 995 997 996 993 994 988 991 995 989 990 994 992 994 996 999 997 995 992 997 993 990 998 995 992 997 992 993 996 997 993 996 998 997 994 997 995 993 996 995 994 995 995 999 995 997 997 993 
507 691 862 932 940 944 939 947 976 973 968 975 979 976 982 984 986 989 988 989 988 989 991 992 995 995 990 995 990 995 993 997 993 995 997 994 996 996 999 993 989 990 1000 994 990 992 996 995 995 986 996 997 989 995 996 992 995 995 993 994 996 997 995 995 996 994 997 995 992 996 995 994 993 997 998 995 993 994 988 995 990 995 996 996 991 995 993 997 989 995 997 995 995 997 991 995 995 994 990 991 996 
