509 390 401 513 547 579 626 647 765 795 833 804 812 771 710 671 702 624 479 353 285 338 328 355 359 409 468 437 447 407 469 511 493 553 406 492 476 632 615 578 539 527 495 413 213 196 168 133 137 185 137 116 130 74 100 168 257 256 96 103 75 32 8 0 0 0 0 0 0 0 0 0 0 0 0 0 0 0 0 0 0 0 0 0 0 0 0 0 0 0 0 0 0 0 0 0 0 0 0 0 0 
495 566 517 553 582 573 618 614 593 597 565 537 641 844 822 899 960 874 908 920 893 913 929 935 954 1000 1000 1000 1000 1000 1000 1000 1000 1000 1000 1000 1000 1000 1000 1000 1000 1000 1000 1000 1000 1000 1000 1000 1000 1000 1000 1000 1000 1000 1000 1000 1000 1000 1000 1000 1000 1000 1000 1000 1000 1000 1000 1000 1000 1000 1000 1000 1000 1000 1000 1000 1000 1000 1000 1000 1000 1000 1000 1000 1000 1000 1000 1000 1000 1000 1000 1000 1000 1000 1000 1000 1000 1000 1000 1000 1000 
514 550 596 625 728 817 811 806 825 851 807 765 695 783 833 871 880 878 899 820 816 813 766 821 828 744 746 697 633 639 628 699 813 853 803 870 884 873 925 925 889 917 915 956 964 990 1000 1000 1000 1000 1000 1000 1000 1000 1000 1000 1000 1000 1000 1000 1000 1000 1000 1000 1000 1000 1000 1000 1000 1000 1000 1000 1000 1000 1000 1000 1000 1000 1000 1000 1000 1000 1000 1000 1000 1000 1000 1000 1000 1000 1000 1000 1000 1000 1000 1000 1000 1000 1000 1000 1000 
491 473 483 444 397 325 353 313 283 321 463 400 554 574 545 527 619 531 687 668 671 690 726 713 656 652 582 549 505 487 523 546 595 560 495 426 519 501 589 636 801 738 724 617 625 704 688 710 576 615 608 520 499 510 496 520 441 407 545 610 568 722 689 608 645 709 671 733 772 860 896 917 893 889 961 968 991 1000 1000 1000 1000 1000 1000 1000 1000 1000 1000 1000 1000 1000 1000 1000 1000 1000 1000 1000 1000 1000 1000 1000 1000 
522 545 580 596 478 417 493 464 497 544 606 644 656 582 554 728 857 845 797 820 788 879 841 832 825 818 806 730 631 773 791 769 826 795 839 817 838 933 948 928 940 939 952 947 915 931 948 904 898 859 870 791 920 953 981 976 992 1000 1000 1000 1000 1000 1000 1000 1000 1000 1000 1000 1000 1000 1000 1000 1000 1000 1000 1000 1000 1000 1000 1000 1000 1000 1000 1000 1000 1000 1000 1000 1000 1000 1000 1000 1000 1000 1000 1000 1000 1000 1000 1000 1000 
508 612 499 364 307 256 289 277 379 406 398 437 358 382 393 398 364 433 338 403 475 499 498 543 636 523 507 432 352 394 539 440 469 434 422 498 518 504 540 631 635 547 633 472 441 375 350 410 291 166 120 192 184 192 166 70 123 129 177 219 154 88 35 29 0 0 0 0 0 0 0 0 0 0 0 0 0 0 0 0 0 0 0 0 0 0 0 0 0 0 0 0 0 0 0 0 0 0 0 0 0 
502 604 586 563 663 697 727 768 872 809 804 868 939 968 958 949 982 986 991 1000 1000 1000 1000 1000 1000 1000 1000 1000 1000 1000 1000 1000 1000 1000 1000 1000 1000 1000 1000 1000 1000 1000 1000 1000 1000 1000 1000 1000 1000 1000 1000 1000 1000 1000 1000 1000 1000 1000 1000 1000 1000 1000 1000 1000 1000 1000 1000 1000 1000 1000 1000 1000 1000 1000 1000 1000 1000 1000 1000 1000 1000 1000 1000 1000 1000 1000 1000 1000 1000 1000 1000 1000 1000 1000 1000 1000 1000 1000 1000 1000 1000 
490 461 488 532 377 540 441 428 433 451 558 543 667 606 499 553 687 583 547 575 616 735 700 652 549 592 511 413 488 522 616 639 685 589 588 497 502 373 288 350 302 243 241 397 323 372 423 401 459 391 408 335 384 400 327 481 540 486 502 495 503 509 492 573 626 668 585 583 532 649 658 593 481 551 565 613 686 792 740 784 837 835 803 827 769 743 600 659 633 611 583 475 490 517 526 656 623 484 557 516 456 
488 477 468 500 507 559 589 607 633 647 685 627 564 538 555 353 363 381 430 328 470 332 286 220 208 199 199 220 212 292 256 245 348 370 398 381 323 400 463 456 490 451 426 416 407 371 315 257 192 276 275 310 307 293 192 297 324 313 257 204 249 226 146 81 28 72 99 89 25 21 11 3 25 6 0 0 0 0 0 0 0 0 0 0 0 0 0 0 0 0 0 0 0 0 0 0 0 0 0 0 0 
514 582 713 660 614 634 608 623 549 579 600 671 605 699 768 826 801 745 797 841 873 917 965 946 925 920 922 975 991 1000 1000 1000 1000 1000 1000 1000 1000 1000 1000 1000 1000 1000 1000 1000 1000 1000 1000 1000 1000 1000 1000 1000 1000 1000 1000 1000 1000 1000 1000 1000 1000 1000 1000 1000 1000 1000 1000 1000 1000 1000 1000 1000 1000 1000 1000 1000 1000 1000 1000 1000 1000 1000 1000 1000 1000 1000 1000 1000 1000 1000 1000 1000 1000 1000 1000 1000 1000 1000 1000 1000 1000 
476 310 294 301 235 278 164 124 185 96 140 236 288 289 186 144 66 43 0 0 0 0 0 0 0 0 0 0 0 0 0 0 0 0 0 0 0 0 0 0 0 0 0 0 0 0 0 0 0 0 0 0 0 0 0 0 0 0 0 0 0 0 0 0 0 0 0 0 0 0 0 0 0 0 0 0 0 0 0 0 0 0 0 0 0 0 0 0 0 0 0 0 0 0 0 0 0 0 0 0 0 
485 377 392 353 412 478 418 512 558 690 891 858 939 901 881 932 888 864 916 891 871 903 943 980 964 980 943 959 905 814 823 670 558 641 610 516 470 443 584 561 691 795 634 547 612 499 542 476 393 414 638 681 567 642 595 607 616 634 694 685 709 782 739 619 686 735 733 737 778 796 706 737 823 793 776 783 857 838 766 747 783 928 820 918 920 950 929 901 917 962 992 1000 1000 1000 1000 1000 1000 1000 1000 1000 1000 
500 489 557 488 515 585 505 467 418 269 374 247 301 317 360 390 466 572 464 442 427 312 341 314 289 272 321 294 320 350 224 277 315 312 381 216 165 118 145 189 161 192 253 269 277 239 277 307 147 111 118 106 98 133 130 122 81 69 97 102 89 93 77 50 31 17 34 0 0 0 0 0 0 0 0 0 0 0 0 0 0 0 0 0 0 0 0 0 0 0 0 0 0 0 0 0 0 0 0 0 0 
502 543 580 492 602 601 564 568 483 527 543 537 527 512 580 594 480 497 499 448 461 479 386 399 402 328 390 303 367 474 456 329 367 310 348 213 312 213 287 362 387 402 363 254 200 238 256 387 439 550 553 653 525 489 486 505 448 570 605 435 370 350 308 191 202 95 93 76 38 5 0 0 0 0 0 0 0 0 0 0 0 0 0 0 0 0 0 0 0 0 0 0 0 0 0 0 0 0 0 0 0 
511 551 497 522 621 705 662 651 822 780 743 700 680 669 693 738 747 723 717 775 797 884 945 887 801 816 810 810 850 881 936 977 979 948 981 985 986 1000 1000 1000 1000 1000 1000 1000 1000 1000 1000 1000 1000 1000 1000 1000 1000 1000 1000 1000 1000 1000 1000 1000 1000 1000 1000 1000 1000 1000 1000 1000 1000 1000 1000 1000 1000 1000 1000 1000 1000 1000 1000 1000 1000 1000 1000 1000 1000 1000 1000 1000 1000 1000 1000 1000 1000 1000 1000 1000 1000 1000 1000 1000 1000 
485 490 485 452 474 355 434 411 259 323 344 219 333 256 256 333 365 393 461 407 317 347 316 390 428 432 442 394 384 438 342 272 315 388 424 475 494 394 394 376 283 281 359 361 293 307 286 295 457 458 369 326 373 406 356 339 345 205 242 279 284 307 235 121 115 67 126 107 127 125 120 152 212 326 233 193 254 270 310 308 319 292 397 384 415 518 525 573 471 396 409 380 445 362 258 223 399 334 372 273 236 
515 595 731 791 830 853 879 838 864 858 957 976 969 1000 1000 1000 1000 1000 1000 1000 1000 1000 1000 1000 1000 1000 1000 1000 1000 1000 1000 1000 1000 1000 1000 1000 1000 1000 1000 1000 1000 1000 1000 1000 1000 1000 1000 1000 1000 1000 1000 1000 1000 1000 1000 1000 1000 1000 1000 1000 1000 1000 1000 1000 1000 1000 1000 1000 1000 1000 1000 1000 1000 1000 1000 1000 1000 1000 1000 1000 1000 1000 1000 1000 1000 1000 1000 1000 1000 1000 1000 1000 1000 1000 1000 1000 1000 1000 1000 1000 1000 
493 502 358 350 355 385 416 300 345 372 383 451 609 542 516 484 510 426 483 505 509 530 416 430 353 188 166 313 250 354 284 284 279 310 282 292 398 477 419 372 326 263 234 308 368 376 356 325 379 402 497 443 445 328 186 180 124 28 35 7 0 0 0 0 0 0 0 0 0 0 0 0 0 0 0 0 0 0 0 0 0 0 0 0 0 0 0 0 0 0 0 0 0 0 0 0 0 0 0 0 0 
485 392 427 317 295 418 382 285 387 490 562 559 612 619 633 671 698 726 703 777 910 894 909 979 926 997 998 1000 1000 1000 1000 1000 1000 1000 1000 1000 1000 1000 1000 1000 1000 1000 1000 1000 1000 1000 1000 1000 1000 1000 1000 1000 1000 1000 1000 1000 1000 1000 1000 1000 1000 1000 1000 1000 1000 1000 1000 1000 1000 1000 1000 1000 1000 1000 1000 1000 1000 1000 1000 1000 1000 1000 1000 1000 1000 1000 1000 1000 1000 1000 1000 1000 1000 1000 1000 1000 1000 1000 1000 1000 1000 
517 467 305 306 404 415 479 499 479 491 583 634 721 680 600 542 465 537 503 549 554 567 565 725 687 643 636 504 438 396 421 289 289 204 286 281 169 183 197 305 430 424 275 444 317 371 389 268 331 327 257 191 271 371 293 258 223 178 130 110 109 107 183 268 320 388 334 288 379 329 350 377 386 350 381 423 480 580 616 660 680 620 665 663 635 623 758 722 680 579 589 739 769 752 788 730 739 734 721 749 713 
