498 674 886 926 933 944 952 955 975 977 979 981 984 987 988 989 991 989 985 994 991 995 992 995 994 997 993 992 995 996 992 997 995 995 993 990 994 995 995 997 999 997 991 990 990 999 993 994 995 996 998 989 992 995 993 994 987 990 990 996 992 999 998 989 997 994 993 997 992 998 993 989 996 995 994 995 990 993 991 995 995 994 994 993 992 993 996 992 993 994 993 994 991 995 998 991 995 991 995 1000 993 
509 850 913 949 960 975 969 979 980 985 987 990 989 985 989 998 998 997 994 990 994 996 997 995 990 995 996 993 995 999 995 991 996 993 994 997 994 995 991 998 993 994 994 997 999 997 991 991 994 993 994 990 996 991 990 992 989 998 994 995 993 997 998 995 997 998 996 993 994 997 993 995 993 997 994 995 995 994 998 993 995 996 997 997 993 991 994 995 998 994 992 994 994 997 992 997 998 992 996 994 995 
494 780 902 933 957 970 970 970 983 980 978 985 986 986 981 989 989 985 991 990 992 995 989 996 994 996 995 994 997 1000 996 996 994 997 994 994 990 995 995 994 991 991 994 992 996 993 994 997 992 993 996 993 993 997 991 996 987 997 990 997 992 988 988 996 996 995 993 992 993 996 994 992 991 992 995 997 998 992 991 995 996 996 994 990 990 996 992 995 994 993 995 994 995 995 993 995 997 996 996 996 992 
518 818 928 936 961 959 976 974 990 987 990 990 992 986 990 993 988 991 989 993 996 993 990 998 995 996 994 993 995 997 994 993 994 993 999 997 995 997 996 996 994 996 995 997 994 995 992 995 991 995 994 994 995 992 994 995 992 989 997 993 991 992 989 994 989 993 997 993 998 996 992 991 994 993 994 994 997 994 994 995 993 995 998 993 995 997 994 994 996 994 996 996 999 995 997 994 996 996 991 998 996 
503 696 880 919 948 954 958 965 979 978 985 979 988 989 992 992 992 993 994 997 989 992 992 997 992 994 995 993 993 989 991 998 989 993 995 992 996 993 993 996 995 997 997 997 992 995 994 996 995 996 996 988 996 996 996 989 995 994 997 993 994 995 987 996 996 995 993 989 992 993 994 994 993 997 991 993 991 994 998 991 995 997 995 997 991 996 999 994 990 995 992 994 992 991 995 996 993 991 994 991 993 
482 762 917 931 951 950 965 963 965 972 971 988 988 988 992 990 990 992 991 993 994 997 993 992 989 993 992 991 995 993 992 996 993 993 994 996 998 997 993 991 998 996 995 994 994 996 995 994 991 996 993 992 991 993 998 997 993 992 995 993 993 995 997 995 996 998 993 994 995 996 994 995 997 996 991 993 996 995 995 995 996 994 992 995 995 994 993 990 998 998 994 997 996 999 991 990 994 991 993 992 998 
517 753 898 933 941 952 966 965 968 976 973 981 989 983 985 986 988 995 986 992 992 995 987 991 994 995 996 996 993 993 993 987 992 989 994 993 996 995 998 994 998 991 994 994 995 995 998 993 993 994 992 993 996 994 991 998 994 996 995 992 997 994 993 989 988 994 994 992 992 992 995 992 995 995 996 996 999 998 996 989 991 991 995 996 996 988 992 994 995 997 989 994 991 994 996 996 992 992 995 991 998 
513 683 877 905 930 963 959 972 975 984 992 991 988 991 995 996 996 995 991 995 994 994 996 997 995 997 994 996 994 994 993 994 995 994 992 993 995 988 991 995 989 991 992 998 995 994 996 992 996 997 994 995 994 994 994 994 989 994 994 994 999 990 993 993 987 989 991 992 996 996 991 997 990 992 990 991 995 999 993 994 997 991 995 998 993 993 993 994 992 998 991 989 992 997 994 995 992 995 991 992 998 
511 440 211 134 116 74 69 50 54 42 34 30 37 29 28 15 14 17 14 10 12 10 8 5 11 5 11 6 8 4 4 7 5 8 6 4 4 8 7 7 5 8 8 4 3 5 10 10 5 6 4 5 9 12 9 11 8 6 4 3 8 7 5 7 4 6 5 7 11 6 9 7 9 10 10 4 5 9 8 3 9 7 6 5 7 7 3 2 10 6 6 5 5 2 11 2 6 8 1 8 9 
485 625 869 904 931 954 962 967 972 968 980 973 984 986 986 993 989 990 994 993 993 994 993 992 991 991 992 993 995 994 993 995 993 996 996 993 995 994 995 993 997 991 994 988 996 988 995 992 996 994 997 994 996 996 987 994 994 996 992 999 987 996 994 994 993 995 995 996 991 993 993 998 996 993 993 994 988 990 996 996 995 996 994 995 997 995 993 994 992 996 994 994 997 995 993 997 995 992 995 992 995 
494 806 931 949 953 958 970 972 964 976 982 986 980 989 985 988 992 994 995 991 992 993 994 994 992 996 992 996 995 994 998 992 992 992 990 996 991 992 987 996 992 988 992 991 992 996 997 995 992 998 997 996 992 996 992 994 995 992 990 992 996 1000 991 992 997 993 991 996 995 993 988 994 996 994 994 995 995 989 996 996 991 995 997 994 995 992 992 996 995 994 992 989 995 988 998 987 990 997 995 993 993 
511 703 882 938 947 953 955 962 964 973 975 977 982 978 992 991 986 988 992 990 993 997 990 989 998 996 993 988 995 996 998 1000 995 994 994 993 992 990 993 994 992 997 993 993 994 992 996 992 993 992 993 994 995 995 995 998 994 995 993 992 996 993 994 994 997 998 991 996 992 995 994 998 998 994 993 990 993 994 988 998 996 993 996 995 998 997 992 992 996 995 996 995 997 996 995 996 997 998 994 994 995 
508 808 934 952 960 976 976 982 982 985 986 991 993 991 988 993 994 991 987 992 993 993 990 991 991 996 997 993 994 994 993 996 993 991 989 991 994 993 993 994 992 994 992 990 995 995 993 988 993 992 994 997 994 992 997 988 993 997 997 993 992 995 995 995 999 993 994 993 998 994 997 998 995 994 996 993 996 992 995 991 996 993 995 992 993 994 990 996 995 992 993 994 996 994 994 995 998 996 996 994 998 
523 819 934 943 972 966 977 985 978 980 985 990 987 988 994 994 992 991 1000 998 996 994 992 995 993 993 992 992 995 991 993 990 993 995 996 996 994 993 994 992 994 998 996 995 994 998 995 995 987 990 996 992 991 993 991 990 991 998 998 997 994 996 991 994 989 997 992 993 990 993 994 995 993 993 995 994 993 990 992 995 994 993 996 994 996 992 997 995 992 995 994 992 988 987 994 994 994 994 995 991 995 
495 754 887 921 937 945 949 964 973 983 985 979 989 991 993 995 997 999 993 994 994 993 990 995 996 994 994 997 997 992 996 990 994 994 996 993 992 996 993 999 993 995 997 998 992 996 997 993 993 993 998 996 989 995 992 991 996 998 994 993 994 996 998 995 998 996 994 989 996 994 994 994 995 991 993 991 995 993 997 994 992 997 994 994 992 991 997 994 992 997 995 994 993 995 994 997 992 995 997 998 989 
489 765 895 947 954 971 975 970 974 981 988 987 992 990 991 983 985 991 995 994 989 991 995 994 991 990 990 992 996 996 990 994 998 991 998 996 989 993 992 991 992 989 996 995 995 999 995 995 994 996 994 998 994 995 994 997 997 991 991 996 996 996 994 997 993 992 996 994 993 997 995 989 991 997 992 997 994 994 995 994 993 988 999 990 994 996 995 996 994 998 992 995 994 992 997 994 995 993 997 995 995 
484 492 496 525 604 722 775 834 847 872 901 917 922 929 940 940 943 959 970 968 977 980 980 981 982 980 988 982 985 990 987 991 987 987 990 991 993 995 992 992 981 993 995 994 991 995 996 994 989 994 995 992 992 996 993 990 989 994 992 991 990 994 998 994 993 994 995 992 997 993 989 994 996 995 990 994 993 994 999 993 996 991 991 996 993 997 994 996 993 996 996 995 990 995 993 991 990 987 993 992 993 
471 296 112 75 69 50 46 39 37 19 18 19 13 14 11 11 9 11 9 13 3 6 12 3 5 6 4 8 7 7 3 6 5 9 3 8 9 8 7 7 4 4 5 4 5 1 9 6 10 7 6 2 7 3 7 6 4 7 7 7 4 6 4 5 5 3 6 9 6 10 12 7 9 6 3 3 2 7 5 9 9 10 5 4 5 4 6 5 6 8 10 5 2 4 8 6 3 3 4 3 3 
493 654 839 895 932 946 940 956 972 977 970 980 975 974 987 984 991 986 986 988 983 994 993 996 993 995 996 995 993 993 993 998 994 988 995 991 995 988 998 994 989 993 992 993 996 997 999 998 997 997 996 997 989 995 997 993 996 994 994 998 996 992 993 993 991 993 996 997 994 996 994 997 992 999 993 992 994 995 991 995 996 999 995 996 992 989 994 992 995 996 998 990 994 996 994 991 994 996 996 989 994 
495 619 832 897 925 931 933 945 955 964 977 974 976 983 985 982 982 988 990 989 986 988 979 989 991 988 987 988 986 993 992 988 993 990 991 993 993 995 997 992 996 995 997 992 998 991 991 995 991 994 996 991 990 991 993 992 993 996 994 991 997 991 993 997 995 991 994 999 989 996 993 996 994 995 996 993 996 996 996 997 996 990 995 994 995 993 992 996 995 993 992 997 991 996 994 996 996 996 992 995 990 
