482 192 69 65 44 36 26 17 29 23 12 10 10 12 11 12 3 6 10 9 6 6 5 9 1 5 8 5 4 4 5 5 11 5 6 3 3 4 8 5 10 9 4 6 8 7 8 8 6 5 2 6 5 5 7 6 7 4 4 5 4 8 8 7 6 5 7 13 8 5 4 4 1 9 3 5 12 11 5 1 2 7 4 11 5 4 2 2 4 7 3 5 6 2 2 11 7 8 6 6 5 
462 219 98 61 56 37 30 29 21 16 16 15 11 17 9 12 3 15 7 7 11 7 7 11 4 1 5 7 10 3 4 4 2 4 4 9 5 8 6 2 13 9 8 5 9 7 5 6 2 4 4 5 4 9 7 4 6 6 8 6 5 10 5 11 5 7 2 5 5 11 7 3 6 6 7 9 8 5 2 3 9 5 8 5 6 5 7 3 2 2 9 7 4 9 9 4 4 2 9 5 6 
510 840 925 949 954 984 985 986 990 987 995 983 985 993 993 992 991 997 992 995 993 997 991 994 991 997 992 997 993 992 995 993 993 996 993 995 995 993 990 997 994 997 991 990 996 995 994 996 995 993 996 993 993 992 998 993 993 991 992 996 994 995 995 994 999 993 993 990 1000 994 999 992 992 995 996 998 996 999 992 993 993 995 996 994 994 991 995 996 994 996 995 994 991 989 997 997 993 996 996 994 996 
495 227 86 51 62 48 37 27 19 27 18 16 15 11 9 7 5 8 6 5 8 13 6 11 6 7 4 8 4 7 6 5 9 4 8 4 4 7 5 6 9 6 5 3 5 2 3 3 12 3 6 3 4 4 2 5 4 8 4 5 3 7 6 6 2 7 2 5 9 5 1 5 10 6 4 5 6 6 4 6 8 4 6 8 6 2 3 8 6 5 8 4 5 9 5 10 4 9 8 6 5 
482 555 785 859 879 904 922 935 944 949 960 970 968 968 962 973 974 981 992 987 985 986 989 993 989 989 991 991 991 991 995 989 996 991 986 991 995 996 993 990 989 989 991 995 996 989 997 992 990 996 996 995 996 994 996 996 994 989 996 994 996 998 996 999 995 998 994 997 995 994 995 998 996 990 997 992 990 995 995 995 992 996 993 993 993 994 993 991 993 997 996 995 991 992 993 993 993 994 990 995 991 
499 410 189 123 112 75 60 44 47 33 28 29 18 21 19 24 17 14 9 13 6 11 12 9 8 4 5 4 4 5 6 7 5 4 3 4 3 7 7 2 4 6 6 5 8 8 8 5 12 9 5 8 2 8 4 4 6 2 2 7 5 7 4 9 4 7 6 11 9 3 7 5 1 3 7 6 2 7 6 2 2 6 2 6 9 2 9 3 6 7 10 4 3 12 7 4 7 6 11 6 5 
489 347 109 93 58 60 42 29 34 25 18 16 15 15 14 8 9 10 6 7 10 3 5 8 4 5 6 6 10 14 7 8 10 8 10 5 7 16 6 5 7 5 8 9 11 7 8 4 13 6 8 3 8 15 9 8 4 9 8 6 5 5 7 11 8 1 8 8 1 4 9 3 4 3 4 8 3 4 7 4 8 5 5 5 3 9 3 4 7 7 6 8 6 8 6 3 5 3 5 7 5 
515 337 128 80 77 47 53 28 25 23 31 27 14 13 16 10 7 12 5 8 5 3 8 5 6 3 6 6 5 3 6 5 7 4 4 9 6 12 4 10 2 5 2 3 6 3 7 8 3 8 4 12 4 12 10 4 6 4 5 6 4 7 8 5 13 10 3 8 2 8 6 5 9 12 7 5 4 4 5 6 8 5 6 4 7 7 6 6 7 6 8 10 1 7 6 5 2 5 5 3 6 
517 463 221 139 116 85 75 72 45 44 31 25 22 26 17 18 18 17 10 9 8 5 11 7 2 6 4 7 3 7 8 4 6 9 9 4 7 5 6 12 4 6 6 8 5 5 2 9 5 6 11 8 4 4 10 7 8 4 2 2 5 5 4 8 7 5 4 3 5 5 5 10 6 4 5 6 7 1 5 5 2 4 1 7 6 11 9 4 3 3 7 4 1 5 4 5 4 5 7 8 7 
495 276 116 67 49 40 36 34 29 25 14 17 13 17 13 13 10 7 11 8 12 12 11 7 5 3 3 4 2 7 6 9 5 8 6 5 7 7 6 6 3 3 6 6 7 4 5 8 8 6 5 7 4 16 7 5 4 6 3 4 7 6 8 4 4 7 4 5 8 11 9 8 6 5 11 10 5 7 6 8 6 6 7 7 3 6 7 8 3 0 6 8 5 6 9 8 11 2 7 5 10 
504 620 844 907 929 942 949 967 967 972 968 979 981 990 984 982 990 992 989 992 993 996 993 996 993 993 991 995 996 996 995 997 989 994 996 993 995 993 996 994 994 990 992 994 988 990 990 993 996 989 994 989 992 992 989 989 997 994 994 995 995 996 992 997 995 995 997 995 991 994 997 994 994 998 995 993 993 996 988 993 991 996 995 993 995 995 994 993 990 997 995 996 997 996 996 994 997 995 995 993 992 
491 533 719 840 878 903 923 932 937 964 970 965 973 983 970 973 984 977 980 984 985 994 991 994 990 996 997 989 995 985 993 990 994 997 993 993 995 997 992 993 995 997 994 996 997 994 990 992 996 996 992 997 992 991 993 996 996 994 991 994 1000 996 992 993 996 994 992 995 997 994 991 994 989 994 998 994 994 994 990 987 985 993 993 994 993 996 997 996 994 992 995 995 994 995 991 997 992 993 998 994 994 
510 785 892 945 955 958 961 964 973 972 983 981 987 977 980 990 991 994 996 994 997 997 993 994 997 992 993 993 990 996 992 996 995 996 994 995 995 997 993 992 996 993 995 996 997 992 992 995 997 995 994 992 994 996 995 995 993 992 994 992 995 993 995 995 996 996 993 996 996 995 994 997 996 992 992 993 990 996 992 998 993 996 996 989 999 994 994 988 996 996 991 995 994 993 991 992 991 991 993 997 991 
497 763 898 949 941 959 966 972 977 984 991 987 987 995 992 991 993 994 998 997 994 991 995 991 997 995 996 997 994 994 996 998 999 993 993 998 993 994 990 996 992 989 994 991 996 994 998 992 995 992 997 991 998 996 996 994 992 995 998 994 992 995 995 996 996 990 990 990 992 991 999 994 996 991 992 995 994 993 994 994 998 989 992 991 994 994 993 989 992 993 993 993 997 992 993 991 991 993 990 995 993 
504 716 890 939 940 951 953 973 969 981 981 988 987 992 993 991 995 993 993 993 1000 996 992 993 990 992 990 993 993 988 994 994 997 995 997 998 995 995 994 993 994 993 996 996 992 996 996 995 997 991 996 995 995 998 994 996 999 994 995 995 996 993 994 993 992 990 996 995 998 991 995 994 992 995 998 994 987 993 995 994 997 995 994 994 993 997 987 1000 993 993 996 995 995 996 997 998 992 995 997 995 987 
483 815 935 954 967 961 974 983 985 979 983 991 991 994 992 992 991 994 994 991 992 998 992 995 991 993 993 993 996 988 996 995 992 993 995 992 991 993 997 996 994 998 995 995 992 992 998 995 993 996 995 992 992 995 992 993 993 996 991 994 997 994 992 996 998 996 996 993 995 995 995 998 992 998 993 995 992 999 995 994 994 996 992 995 995 997 991 996 994 992 993 991 997 996 997 997 997 995 993 997 995 
507 791 910 943 956 974 982 970 982 979 976 986 990 984 994 990 991 989 993 992 996 995 996 995 997 995 994 996 993 992 999 995 991 994 990 995 992 997 993 994 993 995 995 993 987 992 995 994 986 996 996 990 990 994 993 993 998 991 996 994 991 996 994 993 992 996 994 991 996 992 995 991 992 999 998 997 994 997 993 989 998 996 993 996 998 992 997 994 996 991 989 997 994 996 993 991 996 993 994 993 996 
531 611 855 915 931 940 955 958 968 961 970 967 972 971 982 986 985 987 993 990 995 995 986 990 992 994 990 998 995 994 994 994 993 992 996 993 993 1000 992 999 995 992 991 991 994 996 993 998 993 991 995 991 995 995 994 995 995 993 997 995 997 988 997 992 998 995 988 995 993 996 988 993 993 990 994 992 994 994 993 996 996 990 993 997 992 992 996 993 997 992 994 994 993 993 992 991 993 990 994 993 997 
503 573 774 854 909 911 941 958 960 966 967 978 989 983 984 990 982 989 989 986 989 989 988 988 988 989 996 996 992 996 998 994 996 996 998 994 997 990 993 990 993 998 993 992 991 996 994 991 994 996 994 994 991 995 993 988 996 997 993 993 992 992 997 994 993 993 996 986 987 995 995 995 992 995 993 991 995 994 997 994 998 995 992 994 993 991 994 998 997 996 992 996 991 993 993 994 993 993 995 991 993 
523 408 169 107 61 48 56 36 33 26 21 29 18 20 20 19 13 12 15 17 3 6 6 6 5 6 8 7 5 8 4 1 9 6 8 4 5 8 10 7 3 5 5 5 7 11 7 9 5 6 6 10 5 7 6 11 5 6 3 5 5 7 6 7 5 8 1 5 9 6 5 2 5 11 6 3 6 4 11 5 8 4 4 14 8 7 5 6 6 6 5 3 3 5 9 5 7 4 10 1 3 
