493 262 91 73 53 51 34 26 20 22 12 17 10 15 18 13 13 5 12 9 2 5 12 6 10 10 7 7 7 4 4 4 7 5 6 2 6 4 3 6 1 7 3 6 7 9 5 3 9 9 5 4 3 2 6 5 3 9 2 10 5 9 4 9 3 6 3 9 7 4 8 3 8 6 10 2 10 2 1 4 13 6 14 6 6 3 12 3 2 6 9 6 9 4 5 5 7 5 8 8 4 
480 119 50 42 30 26 27 20 21 12 9 10 12 9 9 5 6 7 5 13 4 9 1 9 6 2 7 12 6 5 5 8 9 7 3 3 5 5 1 4 7 5 7 6 2 9 4 7 0 7 4 8 6 3 8 3 2 4 7 7 9 2 7 6 4 5 10 10 7 6 8 2 6 9 7 8 4 1 7 4 8 8 2 5 5 3 8 6 3 4 8 10 4 4 6 3 4 8 7 0 4 
507 240 104 56 59 39 23 29 20 11 12 12 14 15 15 10 12 6 8 6 5 3 8 7 12 5 3 6 4 4 6 6 2 6 5 4 8 7 3 5 7 9 5 4 2 7 3 6 9 6 7 2 6 7 6 0 3 4 8 6 8 6 6 7 5 5 9 9 8 3 4 4 6 5 8 6 4 4 8 2 4 5 7 3 3 5 6 6 5 3 3 9 3 5 5 3 8 6 5 5 7 
510 402 138 86 73 71 57 61 30 25 34 21 22 14 10 20 18 16 9 15 6 9 8 5 9 7 16 8 10 5 3 4 3 1 11 8 1 4 4 8 8 7 6 8 10 5 5 8 4 4 3 12 6 4 10 8 3 3 5 6 10 2 7 5 8 7 8 6 8 4 12 7 2 2 4 6 6 6 4 6 7 10 2 4 3 6 4 8 4 4 8 6 4 12 4 6 1 2 2 8 5 
516 767 929 943 946 973 969 980 980 967 985 983 985 989 985 992 984 985 990 991 991 998 993 994 998 993 1000 995 996 990 994 995 996 999 999 994 999 992 997 993 996 995 993 997 994 994 992 993 990 994 989 994 992 994 992 998 993 995 991 998 990 996 991 996 992 996 995 997 995 996 993 993 999 992 999 993 990 995 994 991 991 991 997 994 995 997 994 992 995 992 990 997 998 994 996 993 996 995 993 991 995 
509 832 921 951 957 976 979 978 987 987 985 986 989 992 996 989 994 992 995 993 994 993 998 991 994 991 992 998 995 993 998 995 996 996 991 993 992 989 995 995 996 995 992 991 992 991 995 995 991 995 987 996 994 994 997 995 992 993 996 996 992 992 993 993 989 996 990 994 994 990 997 996 998 993 996 994 996 990 992 998 995 996 994 995 997 995 993 994 993 998 995 991 995 996 995 995 995 995 998 992 995 
496 460 379 269 179 139 126 102 102 70 76 63 48 51 29 41 36 31 33 21 22 17 10 15 10 9 5 12 7 6 6 6 3 7 6 1 11 6 4 3 5 10 5 6 13 6 8 3 6 10 6 6 10 7 6 12 7 6 2 6 3 5 5 7 7 3 11 9 9 3 7 6 3 4 9 9 4 9 7 3 4 11 1 12 8 7 6 6 6 4 9 3 9 4 5 8 5 7 7 5 8 
496 746 872 926 924 957 973 973 983 980 987 984 992 989 993 996 996 993 981 993 992 995 997 996 993 997 996 995 998 999 992 997 994 996 992 995 995 992 993 991 998 993 995 998 994 993 993 995 993 997 989 994 994 996 987 992 991 997 992 985 994 993 995 998 994 999 994 991 993 989 994 995 998 995 994 995 989 996 990 993 996 993 995 991 996 994 994 996 995 993 999 993 995 993 997 996 991 995 993 996 992 
519 381 170 121 100 83 65 38 32 34 35 32 25 17 19 12 12 13 9 6 10 10 9 11 6 5 8 10 8 7 9 6 2 9 2 4 5 2 2 8 5 11 7 7 8 4 6 3 4 2 7 4 6 10 6 8 6 3 6 7 5 7 7 8 2 1 6 3 5 6 7 3 13 6 6 7 6 11 2 7 6 4 6 10 2 3 13 2 6 7 4 6 6 5 6 5 2 9 3 6 7 
487 580 809 883 899 934 933 946 949 960 963 966 967 976 980 980 979 985 979 991 992 993 991 991 990 995 992 994 984 995 991 988 991 990 991 998 992 992 997 996 996 994 996 994 992 991 994 997 992 995 992 993 991 993 994 994 996 998 995 996 996 997 993 994 992 992 992 993 993 993 996 997 998 992 990 996 995 996 993 993 994 996 997 996 996 995 996 997 994 995 992 998 990 993 992 992 992 999 990 990 996 
495 306 141 103 48 59 52 42 35 25 23 25 28 17 19 18 5 6 6 5 6 6 10 9 12 5 7 10 7 11 10 5 3 3 3 6 6 4 2 3 8 2 8 5 6 4 2 4 7 9 7 7 7 7 4 10 7 7 10 7 9 7 7 7 6 5 4 7 6 3 2 3 6 6 2 4 2 4 7 5 12 8 9 3 10 7 6 6 11 4 5 7 7 3 5 5 9 3 3 9 3 
493 163 59 40 39 42 25 19 19 21 10 11 8 6 7 10 9 9 8 9 2 9 6 6 6 5 5 11 9 8 5 2 3 5 6 4 6 9 4 5 4 3 5 5 4 9 6 6 7 5 4 4 7 10 9 9 10 8 5 4 5 4 3 7 9 4 9 7 5 6 3 8 4 3 3 8 3 7 8 3 2 10 4 6 7 9 5 2 7 5 6 5 6 4 15 2 7 1 6 5 7 
519 262 108 73 55 53 43 44 30 26 24 20 20 11 13 6 12 6 7 6 2 4 8 14 2 5 7 2 3 4 4 6 8 4 6 11 7 4 6 6 4 6 4 9 10 8 4 4 0 5 5 6 7 8 8 6 5 10 6 6 6 4 8 4 3 9 7 4 9 10 2 11 4 5 4 1 6 7 5 8 5 6 2 5 6 6 7 3 7 7 3 7 6 7 7 7 5 4 5 2 3 
498 281 108 80 54 46 29 21 19 22 21 17 12 9 9 10 11 11 11 13 7 5 11 9 4 6 9 12 7 8 9 13 7 8 16 7 6 6 2 3 7 7 7 6 2 3 5 4 3 7 7 2 7 7 8 3 7 2 5 6 9 11 6 4 4 7 4 4 6 4 4 3 6 3 4 9 5 3 11 7 6 2 5 6 3 5 5 8 5 1 8 8 4 6 4 12 3 7 10 8 5 
491 570 806 860 899 917 937 943 948 961 957 962 966 967 975 967 980 975 985 987 985 992 991 993 990 986 992 993 992 993 993 992 988 995 995 991 989 997 997 996 997 997 990 992 994 994 998 992 995 994 995 997 994 990 996 996 990 995 996 993 992 996 995 992 993 996 988 997 993 996 993 990 992 997 991 989 989 995 995 990 989 990 993 995 994 996 989 995 993 998 993 993 995 993 993 995 989 996 996 997 990 
442 321 107 83 56 37 28 29 21 17 14 12 9 12 9 5 4 6 10 7 8 6 6 3 4 8 8 6 2 11 3 7 10 4 6 7 6 5 4 9 5 8 6 6 4 13 8 6 10 6 8 10 7 9 6 4 9 6 8 9 7 2 5 5 2 7 6 4 10 5 8 14 6 11 8 9 7 8 6 10 7 13 6 4 2 6 8 4 6 5 3 10 7 12 5 5 9 10 4 12 11 
494 175 96 65 47 41 34 22 18 24 14 13 12 9 10 6 9 4 4 7 7 9 7 3 6 9 6 3 8 3 5 5 4 4 7 7 7 7 2 5 8 5 6 7 3 3 3 7 7 3 4 8 5 2 6 4 3 4 8 1 6 6 12 3 5 6 10 5 7 4 6 7 7 5 7 7 7 3 8 6 4 10 11 9 10 7 10 5 8 5 6 6 7 9 9 10 11 2 9 5 3 
497 590 839 904 912 918 942 944 956 960 963 969 970 982 984 981 983 992 991 992 986 996 989 993 991 989 991 994 996 995 997 996 995 991 998 994 992 997 993 989 989 994 995 995 995 993 994 996 996 994 986 994 996 994 995 998 994 996 993 996 994 997 995 995 991 991 994 992 996 994 989 995 994 994 996 991 996 990 996 993 992 992 995 992 997 996 996 995 995 991 999 992 992 992 996 989 991 994 993 992 991 
500 614 853 891 925 921 940 951 965 970 984 987 986 992 994 992 993 990 985 988 992 993 995 993 996 997 996 994 998 986 998 997 992 993 996 995 996 998 995 994 994 993 995 991 993 995 996 995 990 996 993 992 995 999 991 990 995 991 994 989 995 990 997 991 998 997 995 998 995 996 996 993 997 995 994 995 983 997 997 996 995 994 991 993 994 995 996 997 998 997 996 996 997 988 988 992 994 994 997 993 993 
515 139 66 47 34 28 32 22 18 19 14 9 11 12 11 5 2 4 4 8 9 6 12 2 5 12 5 5 2 8 7 9 4 4 3 8 5 4 6 7 2 4 5 10 5 4 5 9 5 9 3 3 3 8 9 6 2 5 4 5 7 6 3 9 3 5 6 2 5 2 11 6 8 4 1 7 3 8 3 8 1 5 4 9 8 9 1 8 7 13 7 10 8 11 6 4 4 6 2 9 7 
