504 481 480 494 503 493 474 486 484 474 467 473 466 484 461 467 486 497 476 458 482 478 483 474 472 475 498 473 486 478 504 455 496 497 483 479 466 494 485 473 499 475 482 501 495 466 489 486 472 474 475 465 461 494 488 486 482 469 498 480 466 490 493 487 484 490 504 477 482 484 484 477 489 486 472 476 487 500 460 485 480 486 492 500 481 485 502 469 483 478 466 474 486 483 482 484 464 471 504 476 482 
492 501 498 496 512 490 496 500 505 486 508 500 490 473 505 506 506 500 493 501 487 510 506 513 501 504 518 490 503 477 498 508 504 485 494 505 487 486 509 491 496 505 509 500 517 505 502 498 507 502 491 505 494 505 497 497 499 498 504 512 497 512 509 491 519 502 495 510 521 494 516 500 473 524 496 498 518 518 499 497 503 522 493 501 504 518 504 474 498 536 507 505 508 485 516 501 482 507 512 511 485 
503 494 494 504 491 500 484 486 479 482 489 512 489 504 490 498 487 484 480 484 489 493 493 503 487 494 494 461 483 496 483 497 480 496 484 508 485 484 500 490 472 476 475 489 491 490 501 497 490 477 501 501 486 492 486 474 504 480 486 518 499 489 501 475 491 480 478 489 477 496 499 492 493 482 485 490 494 506 497 514 496 491 501 502 492 490 488 491 496 479 510 513 497 484 492 487 506 485 492 512 475 
482 517 505 508 507 524 517 504 525 501 518 531 510 494 518 525 513 506 494 481 511 523 530 513 508 516 510 509 493 500 513 514 527 500 512 502 495 514 499 488 514 500 508 524 521 516 531 500 521 522 508 509 507 496 502 502 502 514 513 514 515 514 486 498 500 500 523 493 501 512 500 514 506 475 505 521 515 509 522 483 517 509 493 503 507 513 509 513 530 508 520 540 499 499 517 510 516 501 501 481 519 
525 512 501 500 503 496 502 503 517 501 509 514 506 518 516 487 508 513 520 510 514 516 513 494 516 485 510 501 502 498 502 516 506 508 484 517 478 494 521 487 490 509 509 501 508 490 520 519 519 490 508 516 516 509 501 497 509 502 528 519 517 517 504 485 494 501 502 515 485 511 518 533 508 524 514 497 530 508 509 508 496 501 504 515 512 518 516 519 491 510 499 513 527 512 523 504 505 515 494 515 528 
494 480 483 484 485 490 475 494 498 490 501 470 513 491 506 504 489 500 483 480 504 488 484 482 487 486 503 478 480 495 509 499 501 488 488 484 486 472 498 498 482 497 472 488 495 494 500 483 519 452 499 511 492 476 472 506 489 496 488 491 490 497 510 486 498 468 494 473 475 502 491 490 494 489 508 499 511 484 515 471 499 487 508 492 495 499 500 494 503 495 473 494 489 479 510 490 505 490 506 495 496 
531 502 509 524 511 516 522 520 502 521 522 528 510 526 516 519 506 524 504 510 498 508 534 522 524 511 529 501 517 522 521 511 510 504 511 507 509 498 509 516 502 510 521 517 522 501 532 525 525 506 503 503 522 512 527 518 519 519 533 502 514 519 515 507 519 516 513 506 509 520 526 505 511 507 519 517 498 503 519 513 509 505 504 514 510 510 529 519 526 507 510 522 508 500 525 500 509 503 521 515 522 
506 518 500 490 507 490 489 475 498 493 483 502 512 488 508 502 486 477 483 489 490 484 488 497 475 502 492 503 489 478 503 479 491 491 481 491 497 490 497 500 510 502 477 504 491 497 488 470 494 503 486 493 489 474 488 515 475 498 481 513 497 489 500 506 480 493 490 500 488 499 491 492 504 478 494 486 488 481 471 498 511 482 501 504 473 504 495 502 472 508 486 496 467 492 502 478 513 473 483 486 481 
505 480 499 505 497 495 485 503 493 497 481 469 489 511 482 495 478 474 467 485 475 498 500 492 497 493 485 488 500 512 482 490 498 490 468 506 502 491 496 484 471 491 487 473 480 477 492 497 472 490 489 490 490 469 479 474 466 488 494 489 509 473 484 487 499 497 490 478 481 498 506 494 499 498 490 476 489 501 473 485 515 485 494 490 498 473 509 472 491 504 482 458 490 494 496 484 479 496 482 484 482 
475 503 513 516 497 510 506 496 508 493 494 512 507 525 502 504 512 517 478 490 487 503 509 511 497 500 515 516 521 495 510 510 504 503 506 502 492 495 509 517 510 492 514 496 517 483 500 494 509 508 498 516 500 508 489 505 502 510 505 503 516 512 510 496 506 508 505 512 491 520 494 496 484 508 508 498 518 504 501 477 502 512 510 510 493 508 496 497 498 501 512 506 492 516 527 496 535 502 497 521 481 
509 494 520 514 499 508 505 519 499 503 502 517 507 512 513 501 502 500 506 504 502 510 507 510 478 507 495 512 504 502 502 499 520 502 482 515 493 517 501 503 500 494 515 501 516 502 499 503 486 491 513 504 506 494 495 509 491 503 506 492 487 522 502 493 505 498 508 495 498 500 526 517 493 520 511 510 487 511 507 504 497 510 494 507 512 488 491 518 499 515 505 509 500 492 505 493 515 488 494 514 489 
499 485 477 498 499 495 497 479 500 497 509 500 513 484 516 497 478 486 479 506 491 496 485 497 491 486 486 486 487 487 491 489 473 508 489 480 502 506 485 494 496 490 475 482 493 488 484 499 492 486 490 494 498 480 495 491 486 504 506 502 489 507 517 505 486 488 490 487 495 514 485 503 471 500 481 478 474 520 474 480 492 490 469 509 496 507 477 508 486 484 491 482 479 495 494 479 498 498 487 495 484 
510 474 488 477 484 489 498 490 477 484 500 491 473 479 492 489 479 461 497 465 482 479 483 501 483 482 479 476 488 487 487 465 471 481 495 479 485 478 477 496 485 502 479 480 480 470 470 510 505 481 492 508 486 485 466 497 472 480 485 476 486 477 467 474 490 466 500 477 483 470 489 501 482 487 494 486 497 504 485 491 477 465 504 466 502 480 500 476 491 454 482 501 507 472 490 482 500 493 519 495 484 
494 507 497 513 514 515 521 516 487 515 496 522 497 514 516 515 510 508 515 494 515 509 525 493 506 516 504 504 524 512 503 519 502 516 533 500 512 514 509 500 496 509 500 493 538 518 498 521 522 503 510 501 494 501 500 512 510 493 534 492 505 500 497 516 525 487 503 500 512 502 509 514 497 497 519 498 501 507 491 508 502 514 497 509 510 501 504 504 524 490 488 498 506 501 503 516 531 503 514 517 516 
507 484 487 493 499 484 488 487 500 480 507 490 495 493 489 495 498 470 481 482 493 490 478 501 492 501 491 478 490 474 489 488 491 487 508 508 510 489 488 488 481 488 505 493 477 493 486 479 478 486 499 503 473 490 516 498 492 475 486 502 472 494 489 475 489 515 480 472 498 489 501 496 499 465 479 487 497 508 496 489 488 505 487 494 508 490 506 479 474 481 489 486 497 477 486 486 483 478 484 496 492 
510 490 488 473 482 484 517 497 488 479 509 507 499 496 518 474 485 495 482 503 497 502 490 490 491 485 489 496 494 492 506 506 500 493 475 495 478 515 478 505 494 488 491 499 508 491 484 498 497 482 497 490 487 502 490 501 481 517 508 491 480 496 492 475 487 491 505 501 485 463 503 488 499 494 506 495 503 491 482 478 499 492 478 505 508 505 493 501 473 496 490 507 486 472 496 497 487 476 512 490 511 
491 477 509 493 519 509 505 491 510 484 490 521 491 519 508 493 507 489 513 524 506 498 506 509 522 508 511 502 507 512 514 529 501 497 528 518 501 517 522 513 498 499 497 516 503 511 506 512 510 488 514 489 485 501 503 482 481 496 500 510 499 495 508 520 493 504 511 489 511 508 499 492 501 499 511 505 511 499 513 539 498 497 483 508 491 516 519 499 498 500 507 514 506 499 521 495 507 488 509 478 509 
523 522 487 526 500 522 511 519 521 530 507 528 528 513 506 509 498 521 503 525 504 509 521 513 473 510 502 517 507 506 509 524 537 501 523 527 514 515 513 510 511 505 508 514 541 493 536 518 508 516 517 500 521 505 518 517 483 515 505 492 518 512 512 496 512 491 510 528 532 507 494 522 495 510 494 485 504 545 520 506 494 510 511 518 516 524 520 508 520 525 526 502 522 517 510 527 521 510 520 517 512 
514 491 475 501 479 478 497 497 492 485 491 487 495 515 502 492 490 499 497 495 489 469 482 480 492 500 495 500 483 489 502 506 477 493 504 483 496 502 491 500 502 516 474 488 481 498 494 484 499 478 500 478 493 499 492 490 486 504 493 502 481 507 503 491 516 481 490 494 502 479 506 494 504 481 508 491 485 474 491 499 489 487 481 495 488 510 504 474 483 476 489 517 500 495 491 484 494 491 488 486 492 
499 533 514 516 540 532 492 533 511 542 531 544 500 514 514 522 532 537 530 496 519 513 512 519 513 522 530 531 513 510 522 509 511 529 518 544 533 522 536 521 513 537 509 546 540 522 531 507 519 520 492 547 537 519 516 522 536 523 512 532 520 527 528 504 523 529 531 520 505 527 517 529 516 530 513 534 536 526 533 544 528 517 547 536 520 520 510 516 513 509 511 516 534 516 535 514 525 524 531 531 509 
