534 698 876 915 935 955 955 970 972 964 976 978 983 974 973 977 987 992 984 996 989 990 991 993 997 996 989 994 991 999 994 987 992 992 991 995 994 994 998 994 998 997 993 990 992 993 996 995 994 997 995 997 998 995 997 996 998 997 996 998 997 995 990 992 995 996 994 993 996 997 994 992 995 993 995 989 991 994 995 991 990 995 997 989 992 993 994 994 994 993 992 997 996 998 994 997 989 994 994 992 996 
494 381 178 116 83 80 72 55 51 48 27 33 27 15 18 24 23 20 25 12 10 7 8 6 7 10 7 13 7 7 3 5 6 5 3 3 2 7 2 6 4 5 4 3 9 7 6 6 10 3 7 8 7 6 2 5 6 7 7 6 6 4 6 6 5 10 8 8 4 6 6 5 4 1 4 9 5 5 8 5 9 7 8 4 13 9 11 9 7 5 5 7 8 4 10 3 5 4 5 7 6 
491 579 826 882 901 912 932 934 967 968 969 974 977 986 989 980 996 988 993 995 993 992 995 994 991 995 989 991 996 995 997 989 992 993 991 995 987 996 988 997 997 996 994 998 993 990 992 993 992 994 996 994 996 994 991 997 993 995 994 996 999 993 993 990 993 992 995 992 992 997 993 993 995 995 994 991 996 996 989 996 994 991 998 994 995 992 991 995 995 993 997 997 996 995 996 994 997 995 998 997 991 
491 762 896 937 960 952 944 957 971 981 968 983 989 989 988 989 982 990 992 990 994 991 994 990 994 992 998 994 991 995 997 997 995 997 998 994 995 995 989 993 996 996 993 998 994 997 998 992 994 998 995 996 994 996 995 994 994 996 990 998 996 997 994 996 991 990 994 989 997 997 997 994 991 997 995 996 998 992 997 994 991 996 999 990 997 993 993 989 989 997 995 993 989 993 996 996 993 996 995 996 995 
505 730 895 924 928 951 958 961 968 988 986 984 990 990 987 983 984 992 990 991 997 987 993 991 991 993 991 985 989 995 996 993 989 992 994 994 992 994 992 994 997 995 991 992 997 998 995 999 993 994 995 995 994 996 990 995 995 989 997 996 996 992 995 997 994 992 992 992 996 996 988 997 990 995 998 998 994 992 994 992 994 998 998 997 993 995 995 997 994 997 993 995 994 994 996 996 995 999 993 997 992 
521 664 879 923 950 951 970 961 969 964 977 980 986 995 990 996 992 988 993 992 993 997 991 983 989 991 996 989 991 993 995 989 996 995 991 990 995 992 994 991 995 992 989 997 988 987 998 992 994 995 989 989 992 995 996 996 994 994 996 995 994 995 993 999 997 989 998 994 998 997 996 990 998 992 998 995 991 995 998 997 992 992 995 991 995 998 997 997 991 992 996 993 996 993 997 991 994 994 995 996 996 
489 334 132 89 68 36 44 32 32 33 26 25 13 12 14 11 12 10 8 7 9 7 2 6 2 8 5 8 2 7 9 5 7 7 7 7 4 2 9 5 5 3 7 7 5 8 2 10 8 6 4 9 3 6 7 6 7 2 4 2 4 6 5 4 6 3 5 8 9 10 4 6 7 3 0 8 2 6 9 6 4 6 6 7 6 8 4 6 6 7 5 5 5 5 2 2 5 6 6 8 7 
500 834 908 951 961 968 967 978 982 987 988 992 995 985 997 995 995 991 994 994 996 990 994 992 992 991 992 992 997 997 994 996 993 997 994 997 995 997 997 990 993 996 995 994 1000 995 993 994 994 996 993 992 996 991 998 995 995 997 995 990 995 988 992 996 987 991 992 997 994 992 989 992 990 991 991 998 992 999 992 992 995 997 996 995 995 996 992 998 994 995 996 990 996 1000 993 997 993 994 989 994 996 
482 264 97 52 70 36 22 35 23 17 5 18 14 11 9 9 10 9 5 4 9 8 14 8 6 9 8 7 10 6 1 11 3 9 4 8 6 6 3 5 5 9 4 8 8 8 1 1 3 3 5 8 5 10 8 5 6 7 5 5 6 6 6 10 3 4 5 3 7 5 3 10 4 6 6 5 4 7 5 5 6 5 8 5 8 3 5 2 7 7 6 6 2 8 3 5 5 6 4 6 5 
497 796 923 938 948 952 975 981 979 980 978 978 984 991 982 994 992 987 993 991 992 993 996 994 991 995 999 996 997 992 995 995 987 986 995 997 993 995 997 993 992 988 995 989 997 996 994 994 994 993 988 996 990 993 991 991 991 993 990 997 993 992 990 997 992 992 992 992 994 995 993 995 999 991 996 994 993 993 996 993 991 995 996 992 995 991 994 992 994 993 996 993 998 996 990 994 992 995 996 992 996 
482 259 94 79 47 57 25 29 32 18 16 24 18 22 17 4 11 11 9 10 14 6 7 3 8 10 9 7 3 9 13 8 8 12 6 9 5 8 3 4 11 5 8 9 9 10 5 6 7 4 9 4 5 9 4 6 1 2 11 7 3 12 11 1 5 5 7 5 3 5 9 1 3 9 6 2 10 6 7 0 7 6 4 11 11 8 4 11 7 2 7 3 1 2 10 6 9 10 4 9 5 
506 493 434 309 215 149 114 88 84 80 63 56 52 48 36 52 36 26 26 21 28 31 22 24 10 21 27 14 16 17 26 11 15 7 9 15 5 15 6 6 5 3 2 8 6 9 5 5 8 5 5 6 4 6 4 3 6 4 10 12 2 4 6 4 5 10 6 6 9 7 13 10 10 1 3 5 6 5 5 5 9 12 13 8 4 7 7 8 3 6 10 5 6 9 8 9 8 9 3 6 5 
506 738 903 948 948 968 974 981 987 980 981 991 987 990 990 985 986 994 987 996 999 996 993 994 992 996 998 992 996 994 992 993 992 995 993 994 996 997 993 998 994 994 997 994 997 991 992 992 995 993 994 991 994 1000 998 997 989 992 989 996 993 998 995 993 996 993 994 997 998 996 998 998 997 991 996 989 994 998 991 997 992 992 985 996 994 994 996 995 991 995 991 995 992 997 998 994 996 993 998 996 993 
470 512 553 655 813 850 861 895 895 901 929 929 945 926 959 967 968 963 967 964 973 974 984 979 971 981 974 986 979 978 985 986 990 990 991 993 993 996 992 994 992 991 994 991 988 997 996 991 993 994 996 992 991 989 987 993 989 995 994 996 992 992 993 996 987 988 989 998 993 996 997 993 989 995 988 993 993 994 994 992 996 994 994 995 992 988 993 990 993 997 994 994 994 997 997 994 996 995 995 990 993 
517 492 259 165 123 125 99 75 58 64 40 42 32 24 16 14 19 17 12 13 9 12 5 3 7 5 2 7 7 6 8 6 6 5 9 5 2 14 9 15 18 5 6 8 4 4 10 5 6 6 9 7 2 5 4 5 5 9 5 4 9 7 5 7 4 3 6 9 5 4 5 10 9 8 8 2 4 8 6 3 5 6 5 7 6 4 5 7 6 2 6 3 10 9 3 4 5 10 4 6 4 
512 200 83 48 42 36 31 21 19 14 12 12 17 10 9 13 10 20 11 5 10 12 6 7 7 6 4 6 15 9 5 5 7 3 3 5 4 11 5 6 3 3 4 9 4 4 5 10 4 9 4 4 5 5 4 3 1 5 3 5 6 2 3 1 8 7 5 5 4 7 5 12 2 7 4 6 2 0 4 7 4 7 4 2 5 4 9 9 11 3 3 8 12 3 5 8 3 8 6 3 1 
495 292 107 75 59 48 42 36 43 26 26 21 15 25 6 15 11 16 12 8 5 10 11 6 11 4 6 5 8 8 5 4 8 7 10 4 6 9 5 8 1 4 7 3 5 5 3 5 4 4 10 3 4 2 4 4 1 11 10 5 10 5 4 4 3 4 3 11 7 9 10 4 6 11 5 4 4 8 2 3 7 6 4 6 1 7 5 8 4 8 3 13 10 6 6 5 3 7 2 4 9 
491 426 208 132 107 97 73 48 45 37 38 38 23 23 26 21 7 13 12 13 6 4 11 9 6 11 13 8 5 5 9 7 5 9 3 3 9 2 8 4 11 10 7 7 2 6 5 4 9 4 4 3 8 7 4 10 10 3 4 6 8 5 11 12 9 5 5 10 4 3 8 7 5 3 2 2 7 9 3 13 6 7 8 11 9 3 13 20 8 7 11 7 2 7 3 6 6 2 8 6 4 
486 206 71 48 56 40 33 31 26 18 30 20 18 19 21 17 11 13 9 14 10 13 6 6 7 8 8 8 5 6 5 6 8 6 5 7 6 8 4 3 3 6 6 9 4 8 6 4 6 5 4 11 1 5 8 4 4 8 5 7 7 8 10 13 8 5 13 12 4 8 6 6 11 5 6 4 6 6 6 4 8 8 5 7 6 6 10 12 5 3 6 7 3 2 6 10 5 4 7 11 5 
482 341 136 109 92 64 63 57 38 44 31 18 27 24 14 17 9 9 10 1 4 4 15 12 11 11 3 7 6 6 3 6 10 11 5 7 8 6 4 9 7 2 3 9 9 9 5 6 6 8 4 4 6 3 9 3 8 6 2 3 4 5 7 6 3 8 5 7 7 4 7 12 7 9 8 6 3 4 5 7 8 3 5 7 5 4 3 4 8 5 1 8 8 3 8 8 2 2 4 8 12 
