490 440 201 127 94 88 59 38 40 36 34 32 19 21 26 14 13 15 18 10 12 8 8 7 5 6 6 8 6 7 4 8 5 10 4 7 3 14 7 5 8 2 2 6 5 9 6 4 2 3 4 5 5 5 4 3 8 3 5 5 4 8 6 10 9 5 10 6 7 4 6 9 9 5 8 6 4 6 4 5 5 3 5 7 6 4 3 8 4 6 8 8 9 5 7 7 4 7 7 8 7 
494 450 310 164 119 91 74 92 56 51 39 29 20 27 22 20 21 22 17 16 8 14 20 12 18 7 4 6 6 7 2 7 11 3 6 8 5 1 6 7 8 8 6 8 7 3 6 12 7 11 8 7 10 13 14 11 8 6 6 7 9 8 19 4 7 10 17 12 10 11 9 4 9 5 3 6 8 9 4 3 4 2 8 6 6 1 8 5 9 9 3 8 9 6 4 12 7 4 6 2 1 
487 444 268 155 111 89 63 60 72 55 35 30 29 35 24 22 21 27 19 16 5 12 7 4 8 4 6 9 5 10 5 3 1 4 5 9 5 8 7 10 11 11 8 7 6 5 14 4 13 2 3 8 7 7 2 7 12 6 3 5 5 7 4 6 6 5 5 5 2 3 4 4 7 2 8 9 5 5 3 6 5 7 3 9 3 5 5 5 4 6 6 3 6 5 4 14 5 5 2 7 8 
476 730 899 923 928 932 963 976 971 983 989 990 993 990 988 985 994 996 990 997 997 998 996 991 994 997 995 992 994 991 988 994 997 999 992 992 995 997 993 996 994 993 996 995 990 993 994 996 993 997 993 996 995 997 993 996 996 998 999 994 995 998 998 995 997 990 993 995 994 996 996 993 997 995 997 993 997 994 995 998 996 993 997 996 993 995 997 996 994 996 995 994 995 993 994 997 994 994 996 992 989 
503 230 90 59 49 50 35 32 24 19 27 15 8 6 7 3 19 1 5 6 9 5 7 9 7 7 4 6 7 6 5 8 12 5 6 3 5 2 12 1 5 6 7 9 4 10 10 5 4 7 3 4 5 9 5 17 13 5 11 11 4 4 7 8 5 7 4 10 3 3 4 6 7 8 3 7 10 6 8 7 11 9 3 9 3 11 5 4 3 7 2 3 4 8 7 7 11 4 3 6 7 
502 603 846 899 925 942 953 958 950 964 976 975 985 981 990 984 989 986 993 997 992 1000 994 989 990 991 994 990 994 993 989 992 990 995 996 993 995 991 991 992 993 994 992 998 994 993 993 990 993 990 994 999 994 994 995 995 991 993 995 995 993 993 988 996 996 998 995 991 997 994 989 994 996 997 996 995 994 996 989 998 997 995 996 995 994 994 995 992 1000 993 995 993 990 992 996 997 992 993 996 991 995 
526 607 838 908 938 937 955 972 968 978 970 984 977 986 977 980 977 987 989 985 987 984 982 987 989 989 991 987 988 999 996 992 995 994 997 994 994 990 988 995 989 991 995 994 988 992 993 992 992 994 993 996 994 996 995 997 995 995 994 995 994 995 986 990 989 991 994 990 992 994 994 996 995 993 991 994 992 995 999 992 993 992 996 988 998 995 986 997 989 993 999 993 995 996 993 995 994 995 987 998 997 
494 311 86 61 46 39 32 31 30 23 25 34 7 14 9 10 3 6 7 3 6 3 4 9 9 3 9 1 6 4 6 2 6 9 4 7 6 8 5 5 7 3 3 4 3 5 8 3 2 10 5 4 11 5 9 4 5 6 4 7 3 8 6 8 3 5 12 10 5 6 5 5 8 3 2 7 10 7 3 13 10 8 9 7 10 6 5 6 3 3 7 7 3 4 5 1 9 6 3 2 6 
482 198 89 68 49 35 26 20 25 19 12 12 12 8 17 14 12 12 8 3 9 9 6 10 4 12 10 7 8 11 5 5 7 7 3 11 9 10 12 12 9 7 9 10 3 4 6 6 4 4 6 3 3 3 6 4 9 5 4 2 7 6 8 3 6 6 6 4 2 6 2 3 8 2 3 2 4 6 2 6 3 5 4 6 2 7 5 8 2 2 5 5 7 7 5 11 5 2 12 5 5 
477 515 484 609 759 832 872 889 906 935 923 946 947 944 953 957 963 969 964 967 962 969 952 975 982 972 974 978 977 984 987 987 995 991 994 998 989 988 996 989 992 994 993 996 989 989 994 994 996 992 994 996 997 991 998 994 996 994 1000 996 998 995 1000 994 995 998 997 995 996 994 986 996 989 991 994 992 991 994 995 998 995 989 997 995 989 994 991 995 986 993 988 985 994 992 991 996 994 995 992 995 996 
488 244 89 44 47 34 18 22 19 11 6 16 10 10 8 10 5 4 2 2 3 5 8 8 9 3 8 9 3 14 5 3 10 8 3 5 9 7 5 13 4 5 8 3 8 6 4 11 4 5 5 6 2 7 7 8 7 5 4 4 8 3 3 7 6 3 9 6 5 2 4 5 6 8 7 3 13 6 4 8 4 10 6 9 4 5 8 5 2 5 14 3 9 4 13 11 1 9 4 11 5 
501 813 906 929 947 961 976 975 970 978 982 981 980 988 993 992 986 993 992 992 988 991 987 993 992 994 993 995 996 997 997 995 996 989 996 996 991 992 998 998 996 997 994 1000 994 997 992 999 995 992 994 992 999 991 993 994 997 990 998 994 993 997 993 993 998 997 994 994 993 999 996 995 990 997 997 997 997 992 994 995 995 990 995 997 990 996 996 990 995 995 993 995 995 997 992 994 986 995 988 993 996 
478 191 88 48 60 42 37 25 31 17 11 20 14 12 11 14 7 13 14 9 9 11 8 16 12 6 4 13 7 4 9 2 2 7 7 5 2 7 3 7 8 5 6 5 3 2 5 5 6 9 11 2 3 5 3 5 6 4 12 8 6 6 3 3 2 9 8 10 5 3 6 6 6 9 7 4 3 4 4 4 9 7 6 4 4 4 7 2 5 3 6 8 7 11 4 7 3 6 4 4 5 
524 456 179 122 74 65 57 47 55 28 23 18 13 14 13 15 14 14 11 12 14 16 17 9 4 15 13 2 5 1 12 5 8 3 5 3 5 9 2 4 3 9 6 9 7 5 7 5 10 7 7 10 3 8 7 5 4 4 5 8 4 9 6 6 11 6 2 6 7 3 5 1 7 8 10 1 6 4 4 9 3 9 5 5 8 3 5 6 8 6 4 5 7 5 4 3 7 10 2 4 5 
520 334 149 90 56 50 39 31 28 38 14 20 25 19 18 11 6 8 12 4 5 8 10 4 1 6 5 4 3 7 3 8 6 3 8 1 6 5 6 7 16 5 7 7 8 7 6 8 5 9 6 1 4 2 12 3 10 5 5 3 3 3 1 8 3 6 8 4 5 3 3 7 7 5 8 2 5 6 11 6 5 5 8 4 6 6 6 8 8 5 5 5 2 5 9 5 7 2 5 6 6 
500 537 698 794 888 900 906 930 940 950 978 972 986 984 983 982 986 987 994 990 991 989 992 989 986 994 997 995 994 997 995 997 997 992 996 991 994 993 989 984 992 992 995 1000 992 993 997 995 992 991 996 992 991 996 993 995 993 994 1000 996 997 996 993 992 996 990 998 991 996 995 990 997 996 996 994 996 994 992 998 1000 994 988 994 996 997 987 994 993 998 994 995 995 994 993 997 995 995 993 997 992 989 
489 341 132 93 64 43 40 43 28 31 26 16 12 10 5 7 2 10 2 5 6 3 9 3 6 3 4 7 7 7 6 4 6 7 4 5 8 3 2 7 8 6 7 8 6 7 7 5 3 3 6 6 8 2 10 6 12 10 3 3 10 8 1 6 4 5 10 5 5 12 6 4 3 3 7 9 9 5 12 6 10 5 10 6 8 6 5 13 6 6 9 6 11 7 9 8 8 4 6 5 1 
493 486 412 241 178 141 146 76 86 86 59 35 41 20 29 36 16 29 27 34 17 10 13 13 15 13 10 13 11 6 10 5 9 7 4 3 3 7 8 5 3 4 9 4 3 3 5 4 8 9 6 13 5 2 3 5 5 13 6 4 4 3 8 8 6 4 6 2 5 6 7 7 9 3 9 4 7 7 6 12 3 8 9 7 1 4 7 0 8 3 7 5 7 3 7 7 14 5 7 6 4 
466 722 875 932 946 952 963 963 977 973 984 986 988 992 998 995 992 997 985 998 998 995 995 985 992 992 989 996 987 990 990 992 993 996 989 992 992 996 996 998 997 992 998 998 995 994 998 998 993 996 995 997 992 990 995 992 995 995 988 990 993 990 993 993 992 998 997 992 994 994 996 993 995 995 995 996 999 991 994 990 996 993 994 997 992 999 996 996 996 998 996 999 991 992 995 992 990 987 994 993 987 
516 838 908 948 956 963 959 965 983 979 980 974 981 977 985 991 994 992 992 989 988 993 994 996 994 993 990 993 990 995 992 991 992 996 993 994 990 998 993 992 995 993 993 990 995 996 991 995 993 989 997 992 995 992 997 992 989 985 995 988 992 998 999 992 996 993 990 986 997 991 996 997 993 996 993 996 996 992 992 996 991 996 996 998 996 992 987 992 990 997 997 996 995 994 990 993 997 995 991 998 995 
