534 567 547 568 583 549 561 574 572 576 560 574 615 592 585 577 582 552 579 587 569 603 588 590 551 564 560 566 580 599 581 563 582 571 568 569 557 571 553 577 570 561 547 571 574 571 579 562 589 574 564 567 559 568 572 561 579 564 582 559 595 583 562 577 577 565 560 584 560 595 564 583 583 586 573 564 566 551 583 584 570 572 572 544 572 596 571 590 580 573 570 564 575 582 564 587 565 601 581 585 583 
501 480 482 476 482 489 484 496 493 480 513 475 521 507 506 481 503 501 497 498 511 497 480 488 493 520 506 488 504 494 487 494 500 479 494 505 508 514 497 490 474 495 494 502 505 494 468 503 505 503 512 504 505 497 502 501 498 488 506 485 473 489 503 499 496 497 502 501 492 502 501 501 519 490 500 502 490 482 504 504 482 516 480 491 487 522 504 477 499 488 506 513 478 515 488 485 502 519 470 472 485 
490 491 487 518 511 522 511 491 507 514 514 490 512 513 508 542 501 511 513 519 526 516 497 479 503 511 504 506 491 503 493 495 523 504 495 510 496 488 498 508 492 500 499 515 499 492 478 491 528 504 512 516 509 511 493 509 524 511 515 514 528 501 507 510 508 510 496 495 497 512 530 518 496 515 512 511 524 515 512 517 501 516 500 520 508 507 510 484 510 509 497 489 502 491 502 513 497 521 539 509 504 
518 532 531 522 546 555 531 541 525 553 533 517 518 521 504 544 524 537 544 543 544 510 513 509 531 554 536 546 548 541 522 534 546 545 543 544 540 531 513 521 517 546 531 531 554 536 550 565 547 534 530 522 542 549 516 518 534 540 523 529 512 534 544 521 532 550 524 544 492 534 529 545 512 543 540 539 532 518 505 532 537 540 538 535 536 521 538 526 554 537 515 534 558 519 540 524 544 549 541 524 552 
482 507 481 477 508 474 479 508 496 497 498 488 494 480 469 493 487 495 482 491 483 478 488 492 470 486 475 485 490 489 516 526 478 502 487 511 455 499 500 468 482 477 479 479 481 480 491 485 485 480 489 493 475 509 498 482 489 470 492 488 502 492 504 484 492 464 487 485 473 490 480 501 502 496 480 479 467 486 490 484 503 499 493 485 485 471 486 491 487 487 498 488 495 505 491 438 472 484 481 496 458 
513 503 542 526 539 511 517 526 514 513 519 512 536 525 506 532 511 529 505 499 540 544 546 510 538 522 519 512 518 520 529 517 518 520 521 501 516 521 541 524 526 517 529 520 536 520 512 537 519 529 519 528 509 532 525 549 505 510 519 521 534 517 510 534 515 517 534 525 515 534 512 521 532 530 504 509 526 543 495 499 530 508 539 514 513 522 519 515 511 515 502 536 532 522 508 518 503 524 546 513 528 
513 530 537 535 515 530 551 551 550 536 524 527 529 540 523 554 525 533 534 551 540 551 527 548 539 531 537 531 541 536 517 534 543 520 542 539 549 523 512 528 545 547 529 539 554 540 526 533 538 548 525 549 533 537 521 516 555 527 522 524 542 528 546 528 514 528 548 540 555 541 548 540 532 551 530 535 537 536 536 521 516 543 516 512 527 540 529 549 517 524 563 529 532 552 535 535 553 534 536 544 542 
486 521 512 518 537 535 505 519 509 540 538 504 541 521 509 539 523 522 521 528 532 519 513 520 537 536 521 501 509 539 523 525 501 499 534 512 497 518 536 484 518 508 526 504 520 521 513 519 531 515 518 515 527 513 528 536 524 510 516 520 521 521 516 535 527 508 503 527 494 536 530 531 525 527 533 515 530 518 525 532 523 521 514 502 505 548 501 511 518 526 506 538 499 540 526 513 533 504 520 524 529 
517 517 519 520 513 505 523 519 518 524 524 495 519 507 535 527 521 498 507 526 522 501 512 526 543 518 507 508 506 519 490 506 486 499 520 484 505 501 523 516 521 521 529 529 523 508 533 522 508 490 514 512 506 507 524 519 491 520 501 506 524 514 519 537 512 491 516 507 502 512 503 509 536 513 536 511 530 505 540 498 533 504 547 523 530 507 518 537 510 515 531 530 500 506 529 508 509 512 488 506 515 
512 542 526 533 538 526 516 536 543 562 519 516 549 542 538 546 544 550 550 531 522 537 540 547 558 524 540 526 548 538 534 531 517 535 542 546 530 535 541 550 548 536 546 559 552 536 541 549 509 525 549 522 552 538 528 540 548 531 533 533 539 550 542 544 554 533 552 541 522 557 531 543 543 541 518 522 540 553 537 541 527 553 508 558 533 536 522 546 511 541 542 530 536 523 532 541 545 512 531 535 524 
506 503 499 491 493 508 508 495 496 480 481 502 492 483 482 512 492 485 483 508 507 506 507 493 491 488 490 484 509 498 489 495 471 490 482 474 492 503 481 474 486 497 488 496 505 487 466 473 478 486 480 517 498 494 486 467 485 489 487 498 515 473 465 509 475 487 500 475 495 514 502 491 489 512 469 509 504 495 441 513 477 491 513 496 488 498 488 474 509 470 479 491 507 523 473 494 497 483 494 496 498 
503 457 490 469 480 466 485 458 471 480 500 498 487 495 477 491 471 486 464 476 461 485 462 464 486 489 486 495 469 460 465 464 480 448 488 461 490 473 463 464 475 480 452 466 472 471 459 490 499 483 466 483 488 488 475 456 455 497 481 473 468 486 469 465 474 477 464 494 483 500 504 486 486 478 481 454 465 481 460 473 470 484 483 501 493 462 458 470 471 470 453 480 497 472 487 497 487 492 482 470 460 
494 512 515 518 504 494 522 488 496 497 524 515 529 520 510 544 507 510 503 518 515 492 500 521 534 520 515 518 516 505 506 511 495 498 510 486 531 512 516 522 528 506 510 517 513 528 507 513 527 512 532 516 511 515 492 501 519 519 511 512 517 521 500 528 521 536 510 507 496 504 535 529 509 503 533 523 522 526 535 489 513 513 510 532 502 532 521 523 530 518 511 504 511 526 520 547 509 513 491 514 520 
501 490 499 501 511 490 469 509 480 480 484 509 495 517 507 488 492 473 501 496 514 516 507 510 504 482 498 504 500 494 516 497 505 489 498 503 490 476 530 504 521 493 502 504 506 502 508 490 497 478 496 506 487 488 491 497 492 478 493 501 493 545 504 503 485 508 500 513 479 514 516 500 483 493 488 484 489 479 509 491 498 519 516 472 528 496 489 491 482 529 506 491 505 495 488 501 495 496 494 496 505 
476 486 483 441 458 449 493 461 455 473 455 453 463 457 456 458 450 452 446 472 446 463 481 448 477 439 444 487 468 459 492 444 460 457 449 473 476 451 484 469 466 489 453 450 471 465 467 472 474 464 464 458 445 456 459 475 473 451 446 449 443 470 475 483 434 461 465 453 449 468 479 466 459 462 450 472 451 457 458 434 455 488 445 446 439 475 471 462 454 450 459 482 451 471 482 493 443 444 459 457 483 
489 478 498 488 508 504 508 496 493 480 493 510 483 508 504 488 496 504 500 507 506 495 486 508 466 490 505 494 497 490 488 497 471 493 494 498 508 474 490 492 495 501 495 502 495 477 510 483 506 498 485 485 497 497 487 492 515 509 486 496 496 501 504 503 480 508 490 507 512 492 500 511 501 494 495 528 497 512 508 510 485 498 533 545 515 507 491 495 486 496 499 481 501 488 494 473 507 492 492 497 492 
508 480 512 475 481 497 474 494 480 475 501 465 481 511 488 489 494 490 486 496 486 506 511 491 490 479 489 487 503 505 486 480 485 508 471 500 485 459 498 470 493 484 475 477 501 501 480 501 478 474 476 495 486 496 484 489 480 496 468 487 504 477 490 516 479 485 468 490 485 488 501 477 475 503 487 484 483 479 485 499 512 486 473 477 478 468 488 508 476 465 471 485 486 475 491 500 499 508 478 493 488 
502 517 531 498 499 511 534 517 520 514 506 507 534 522 510 523 504 505 490 502 517 514 513 526 518 531 510 506 513 553 514 513 520 539 515 495 506 503 506 512 516 526 513 515 502 536 507 502 531 529 516 518 507 526 528 518 515 524 513 504 509 522 513 520 516 502 489 525 514 509 505 509 512 516 506 532 544 523 510 529 535 523 524 517 538 513 505 506 512 512 517 527 508 509 515 509 531 528 521 505 516 
493 532 509 480 486 502 483 471 485 504 514 514 494 501 489 506 499 501 505 492 506 489 477 502 467 508 484 483 495 491 491 486 516 487 495 492 491 492 502 508 478 473 496 496 525 507 511 489 467 503 497 508 487 489 499 503 491 483 493 513 501 503 494 471 501 511 495 499 501 498 495 498 527 497 502 517 498 477 532 522 509 493 499 482 507 494 492 487 488 503 517 505 482 498 490 480 504 495 477 489 505 
505 482 471 477 482 467 461 475 468 480 469 461 464 466 486 492 475 471 471 502 493 479 478 473 456 484 485 459 481 490 477 474 475 470 465 489 466 486 472 479 484 480 495 480 488 477 474 470 469 488 483 468 475 504 487 484 460 497 491 470 477 481 489 478 472 470 449 486 484 470 469 497 491 456 464 492 462 452 476 486 458 488 471 501 468 491 481 473 490 492 471 474 473 462 477 486 453 469 497 463 472 
