497 527 535 530 527 544 516 533 532 537 536 516 508 494 517 530 537 512 500 537 505 552 526 540 526 515 519 540 505 536 570 544 553 519 535 511 525 555 515 536 546 528 541 553 525 542 546 531 522 516 531 501 532 530 538 545 542 517 513 541 499 533 544 521 541 539 527 514 531 520 518 518 525 523 555 537 531 516 559 536 518 535 537 546 513 533 541 534 534 525 561 549 524 533 484 543 539 534 536 516 534 
541 498 528 543 572 554 509 525 543 524 535 562 534 562 549 544 532 521 547 534 525 567 520 560 524 533 526 536 537 536 533 538 539 548 554 527 549 550 565 520 526 532 532 535 532 534 544 520 507 552 541 542 547 548 544 530 548 546 524 542 521 511 544 532 543 544 527 542 545 544 540 540 518 544 541 537 533 528 535 531 516 538 538 556 525 545 565 514 559 541 526 528 536 532 516 549 516 545 530 531 535 
494 523 510 541 533 534 552 536 539 528 516 517 556 549 520 553 508 541 533 530 543 537 532 553 530 508 534 537 545 526 531 537 553 526 539 533 523 517 552 535 540 573 515 542 536 557 545 534 571 513 552 532 547 513 541 529 544 543 541 544 548 544 544 547 540 540 538 538 520 514 545 524 529 565 545 532 551 531 528 516 548 526 520 557 531 540 519 564 545 523 541 528 521 520 521 521 518 553 534 521 517 
518 545 515 547 526 530 540 522 531 538 541 516 523 543 534 536 535 518 545 522 531 519 529 534 515 553 532 530 529 521 521 543 531 505 512 537 517 488 518 530 520 563 530 545 519 519 520 532 526 540 538 527 530 534 531 526 496 531 520 546 528 527 546 515 526 508 498 544 542 510 526 526 544 524 522 524 542 539 539 505 561 531 536 524 539 513 547 528 542 526 549 510 519 511 526 527 533 505 502 541 523 
505 502 479 496 512 512 530 529 509 499 521 487 522 481 518 503 506 475 517 510 497 504 497 496 516 477 523 498 506 520 514 497 511 497 519 498 514 491 503 514 517 509 514 506 507 510 503 514 491 513 505 500 494 487 509 509 509 531 483 500 519 509 485 511 521 498 532 508 478 510 508 502 490 492 493 499 534 501 513 508 532 546 519 498 523 524 528 513 509 519 501 491 513 505 503 505 503 515 535 506 496 
488 471 457 483 475 483 509 491 503 488 465 477 491 471 496 486 483 468 489 478 484 500 484 484 497 506 484 473 455 496 471 486 460 487 499 498 495 479 490 498 480 496 503 521 483 480 476 473 502 477 493 472 476 493 489 492 471 494 487 471 474 480 497 479 508 479 478 494 487 482 502 489 487 491 504 510 458 492 471 481 494 475 488 455 503 512 492 460 486 512 480 472 470 478 477 481 475 500 490 510 488 
502 454 449 436 453 438 428 487 454 448 439 441 450 430 444 438 395 447 431 463 479 468 426 445 452 452 449 446 455 462 447 456 443 453 467 455 434 436 444 451 447 462 458 447 441 451 460 441 443 463 447 447 439 447 468 446 466 464 452 452 469 423 437 421 435 425 456 468 415 463 432 426 431 444 446 445 460 455 451 432 460 463 459 441 464 456 480 457 459 457 459 436 448 475 433 462 456 442 439 470 458 
509 486 524 546 523 503 504 538 509 531 520 535 511 529 506 531 510 529 505 525 519 556 530 518 528 491 534 537 511 506 492 515 496 506 539 491 506 505 524 530 510 508 513 511 524 551 525 523 505 540 521 537 523 517 536 508 537 524 528 513 509 527 509 509 529 512 532 524 521 537 491 516 535 536 532 480 534 496 509 532 525 532 519 526 508 520 531 517 530 507 541 528 501 524 532 511 496 532 502 497 520 
506 512 515 530 529 530 526 507 502 532 497 531 487 486 552 521 515 493 523 537 549 513 516 504 513 520 524 530 516 525 507 519 531 517 522 484 528 507 513 525 534 519 512 488 530 517 500 503 516 505 508 514 537 489 514 537 508 527 500 525 524 518 532 516 497 507 506 507 499 496 508 526 499 530 531 528 528 504 504 525 509 521 524 523 516 518 523 516 531 524 506 505 542 524 522 515 529 513 538 512 509 
523 518 524 501 528 520 527 509 537 532 526 523 535 532 513 526 541 535 525 532 544 544 521 525 531 534 533 500 496 549 534 534 535 558 505 526 513 552 528 540 529 508 526 527 518 531 512 532 549 523 524 519 508 545 502 551 514 536 535 529 496 516 514 516 553 525 531 524 504 552 516 515 512 526 508 543 529 508 554 515 517 494 518 534 521 528 526 505 533 510 518 517 516 507 547 519 539 512 528 515 550 
491 468 464 450 481 460 460 457 473 462 450 447 462 455 465 450 469 456 459 453 456 482 445 468 473 477 460 452 450 444 461 447 459 483 471 471 475 455 459 447 466 451 436 452 464 467 469 453 437 469 468 493 454 458 469 495 444 491 452 429 481 468 453 447 454 468 460 458 460 474 454 454 454 465 452 490 458 451 474 456 464 454 476 496 481 454 487 461 450 475 448 443 459 448 464 435 472 467 471 448 454 
514 470 499 506 476 500 489 515 475 475 504 486 511 501 481 488 489 491 494 471 493 499 501 486 482 489 469 493 474 501 454 500 486 515 486 491 466 506 481 510 492 513 485 468 477 466 484 497 480 463 482 494 484 485 492 498 487 506 527 483 474 484 507 484 458 520 486 495 473 498 495 476 480 512 479 451 497 494 473 492 469 502 514 471 477 520 479 491 496 504 484 505 475 467 477 482 476 472 497 483 495 
507 542 547 522 530 581 554 535 540 576 554 561 536 547 540 538 513 553 529 562 505 556 563 536 527 530 531 536 553 537 549 539 564 519 556 558 564 539 537 574 544 544 529 554 537 542 547 576 555 550 533 557 563 567 556 541 528 560 552 520 539 527 563 551 553 533 545 519 527 546 560 565 568 549 558 537 537 542 558 555 544 528 526 527 504 537 524 545 556 520 541 536 540 564 544 551 542 566 556 558 546 
505 513 520 491 524 510 486 538 537 532 514 531 523 546 546 525 500 519 531 522 529 544 507 531 508 528 492 554 520 496 555 507 500 517 514 523 541 500 534 526 526 516 534 538 514 507 531 527 528 524 501 508 518 543 527 534 558 520 523 527 532 521 517 540 517 506 547 532 527 498 520 518 571 519 534 539 526 546 522 544 514 507 538 544 546 516 533 497 517 503 559 560 568 504 501 507 524 521 511 544 529 
524 508 506 462 490 495 516 499 494 505 486 497 513 484 498 487 487 489 512 499 500 527 479 509 486 495 507 482 483 512 470 492 471 500 493 495 498 523 490 490 488 479 515 505 495 482 525 480 496 502 548 502 496 513 499 501 476 473 504 492 484 522 499 479 492 529 496 486 504 522 495 494 505 498 489 485 459 518 486 506 526 499 508 509 511 479 489 500 505 478 475 494 493 509 492 474 489 477 492 501 482 
493 488 508 489 533 479 501 482 493 487 509 505 521 548 490 514 501 511 520 520 523 503 521 481 518 523 498 489 511 498 499 498 522 520 481 491 535 516 501 530 514 489 496 495 491 510 510 518 493 515 499 504 523 499 494 525 501 509 507 515 526 480 505 519 507 507 509 508 489 519 512 487 556 513 528 507 526 509 510 504 530 550 511 502 492 488 493 521 532 540 510 533 537 513 508 500 530 505 502 495 501 
484 491 506 477 451 491 467 508 491 483 497 477 483 492 494 488 479 476 464 481 489 489 477 480 460 496 499 490 469 480 476 468 449 466 495 457 473 507 498 470 493 451 501 493 481 463 485 483 474 482 486 489 476 500 463 454 481 526 488 494 470 475 482 470 471 480 509 480 489 490 471 479 481 470 497 498 483 462 489 503 498 474 472 489 477 481 493 487 497 458 471 455 479 483 495 475 482 468 473 475 487 
473 456 440 462 463 454 450 448 442 474 431 477 436 458 474 435 460 442 439 446 466 460 448 451 453 444 466 456 431 463 458 457 473 488 471 431 443 482 447 473 454 466 442 444 440 453 438 473 437 456 453 463 449 425 468 438 434 433 466 449 442 453 435 471 432 432 453 447 444 458 463 442 432 454 436 448 438 462 453 460 443 440 440 458 464 440 450 446 448 437 448 452 434 473 444 453 434 445 461 439 445 
482 501 478 525 479 501 485 491 485 490 483 499 512 487 493 490 482 500 482 495 521 496 492 476 504 481 496 512 501 490 485 496 521 474 488 481 483 500 497 500 485 470 475 516 497 468 513 472 493 503 483 493 481 506 492 485 507 492 476 487 503 483 497 478 493 500 511 464 455 464 502 486 491 481 488 477 481 515 505 486 507 485 473 488 516 494 507 494 518 492 492 481 506 492 500 492 486 465 478 524 489 
482 434 441 447 421 390 414 430 429 429 430 443 386 445 419 401 437 426 426 411 444 415 401 446 423 411 419 444 428 415 413 427 400 412 408 415 424 444 407 419 402 391 423 444 401 418 412 416 405 420 412 442 424 394 436 445 394 393 431 435 443 419 441 433 410 441 414 416 424 419 436 441 413 414 418 422 413 429 439 431 409 412 446 457 400 424 395 422 429 427 423 427 436 421 446 455 418 405 435 431 428 
