522 750 906 960 944 962 976 974 968 977 977 983 990 989 979 987 991 986 990 994 989 992 999 998 995 996 993 992 992 993 994 992 994 994 986 995 997 992 995 995 991 997 998 995 998 998 995 994 992 988 996 995 995 990 992 995 999 992 992 997 996 995 997 998 994 995 994 992 997 998 993 994 994 993 994 999 990 996 988 992 993 995 994 995 994 989 999 994 995 991 996 997 991 998 994 1000 991 994 992 996 995 
495 395 163 105 91 68 57 40 34 28 30 34 24 22 19 20 10 10 19 5 17 14 21 13 19 9 7 16 3 3 8 10 5 5 9 3 6 5 11 7 8 9 4 6 6 9 8 7 7 5 10 10 6 12 2 10 8 6 3 7 9 7 10 11 11 6 6 9 15 6 10 8 2 8 7 6 3 5 10 8 11 8 3 11 2 3 6 6 7 12 4 2 0 5 2 6 4 4 7 8 10 
521 735 891 921 953 950 954 965 975 964 960 982 982 982 989 994 998 994 993 994 995 995 996 993 997 990 996 995 998 993 991 992 995 992 995 995 998 993 996 990 997 992 989 996 992 995 994 987 989 994 1000 997 996 990 999 996 990 994 992 994 991 995 990 990 996 996 992 995 993 998 989 994 989 997 994 992 995 994 996 999 993 992 991 998 992 994 999 995 994 996 997 996 992 994 992 995 994 998 998 999 988 
484 277 80 45 15 17 17 22 19 11 9 6 14 12 7 7 5 4 3 6 7 6 3 3 5 4 1 6 5 8 8 4 8 2 11 7 4 10 11 6 6 10 6 1 5 10 6 4 2 6 12 13 8 4 4 10 3 9 3 5 9 7 10 10 5 8 5 5 3 10 13 4 5 6 8 10 6 2 6 8 5 5 4 8 5 4 5 4 2 13 3 11 6 8 6 3 6 9 9 6 5 
500 841 951 954 971 981 984 990 984 988 985 987 1000 993 995 993 986 993 993 999 995 993 996 993 993 993 996 996 993 995 994 994 995 996 996 994 993 994 994 999 990 990 996 998 996 999 999 994 999 994 987 997 995 990 998 992 998 998 996 997 993 996 997 995 990 993 993 991 996 998 993 994 995 993 996 995 995 998 999 999 988 993 994 994 999 994 992 991 991 996 993 997 989 986 995 991 995 998 991 994 994 
494 616 858 929 940 937 953 960 950 976 969 970 978 984 983 985 985 988 997 989 999 995 997 993 992 994 992 995 997 998 994 995 997 989 996 996 995 995 994 995 994 997 992 992 993 991 998 994 997 997 993 995 993 990 992 993 996 989 995 992 997 996 996 994 991 996 994 996 994 987 994 997 992 996 996 991 994 993 994 996 998 991 988 996 997 996 996 996 996 992 990 998 993 998 993 998 999 994 996 996 999 
520 813 932 961 951 960 970 972 972 986 975 983 986 987 984 986 990 990 994 995 988 989 999 993 997 995 991 998 994 999 999 992 989 994 993 990 992 996 997 989 994 997 999 992 998 989 996 994 996 999 997 991 997 997 996 994 997 999 999 997 995 994 995 992 993 995 992 986 995 991 992 992 996 993 998 997 997 992 992 990 993 995 991 999 993 989 989 997 996 994 997 996 996 997 998 998 998 992 997 993 996 
495 331 109 98 54 36 30 24 25 22 16 13 13 9 13 7 9 8 4 4 4 4 2 8 5 7 4 8 2 5 7 7 3 4 6 4 6 6 3 6 3 4 9 12 2 11 2 6 12 9 9 5 4 2 6 2 2 8 4 6 11 7 4 8 6 7 9 7 6 8 9 8 4 5 3 6 10 6 5 5 4 3 3 4 4 7 3 9 12 8 5 4 2 4 3 3 4 7 5 8 8 
506 745 882 920 935 970 973 975 983 989 990 986 992 992 996 994 993 984 991 992 993 997 997 997 993 996 994 997 994 997 998 998 997 995 994 995 994 994 992 998 995 996 994 998 996 996 998 990 997 995 997 997 990 997 997 989 991 992 995 995 991 997 994 994 994 993 990 996 994 995 997 992 998 997 998 993 991 993 987 992 995 996 996 998 995 993 998 992 996 991 998 999 993 989 997 988 997 994 996 996 989 
494 477 283 147 112 80 67 73 55 32 21 25 27 20 22 17 13 10 9 9 9 7 5 3 6 9 2 7 11 2 8 4 3 7 7 4 3 9 4 3 12 3 3 4 9 6 4 6 4 9 4 4 6 4 5 9 5 11 3 6 3 4 3 12 4 2 10 7 11 7 4 5 1 8 6 6 6 6 6 7 7 2 8 3 7 6 3 2 10 4 6 6 3 4 7 5 6 4 4 8 10 
502 498 535 594 769 823 851 884 875 900 914 945 941 951 970 973 969 991 984 988 986 985 986 981 989 986 994 992 988 992 990 992 993 993 989 997 988 988 989 989 993 988 986 992 994 994 991 989 988 980 995 993 991 985 991 990 989 991 989 989 992 994 991 997 996 989 988 993 997 992 987 986 988 992 988 990 995 993 991 991 991 985 986 993 995 992 991 992 988 992 996 990 997 991 998 998 993 996 995 995 990 
504 361 121 54 62 58 61 49 43 47 21 20 16 33 13 3 9 7 4 8 2 4 5 3 6 5 4 4 2 12 3 5 6 4 7 8 7 4 4 7 6 6 10 0 5 6 5 3 8 3 5 6 4 2 2 7 8 6 6 6 10 9 7 8 9 7 5 10 11 9 12 4 9 8 15 11 22 11 7 5 8 11 5 9 7 6 9 7 9 2 4 5 15 6 6 4 9 10 8 10 6 
496 636 855 894 911 930 959 965 967 973 972 978 963 976 982 983 992 993 989 993 986 994 992 993 994 992 993 999 1000 997 996 989 995 993 995 996 982 994 989 998 992 992 995 991 985 994 993 994 993 996 997 992 992 995 993 993 992 997 996 996 992 995 998 999 991 993 992 993 992 993 990 990 994 996 993 990 994 995 996 997 998 991 996 991 991 994 996 994 993 994 990 993 994 990 991 994 990 995 994 992 993 
522 568 816 878 911 931 952 943 962 954 976 971 973 962 978 985 978 984 981 983 986 987 994 989 985 991 995 991 988 981 992 992 996 986 996 992 994 996 995 993 996 993 994 996 995 998 992 995 993 993 995 994 995 993 993 1000 992 994 996 994 989 997 990 994 996 1000 996 992 996 993 994 987 996 994 994 996 997 996 988 997 1000 993 991 993 988 995 989 998 996 996 996 989 995 993 991 994 994 998 995 997 988 
513 563 642 770 855 885 896 920 932 938 944 930 941 957 973 969 971 958 973 976 969 974 979 986 985 987 986 981 989 992 997 990 996 995 989 993 995 992 986 991 992 993 992 993 997 995 992 990 995 988 994 997 989 997 996 994 994 997 997 997 997 990 992 996 990 995 998 997 997 993 989 999 995 988 990 991 997 994 997 995 988 996 990 992 986 989 996 991 998 992 992 995 997 992 995 998 994 995 997 997 996 
527 658 832 908 930 935 969 971 972 971 959 975 988 988 987 990 990 988 988 987 990 993 992 996 995 1000 994 994 992 994 995 995 983 995 997 995 991 992 996 994 993 993 998 995 999 996 994 995 995 991 997 994 997 999 996 996 997 997 994 990 995 993 991 992 993 993 994 990 992 993 991 994 999 995 995 990 992 995 993 994 995 996 993 995 994 995 990 996 997 992 999 994 998 996 991 996 987 994 993 992 996 
500 553 730 832 875 875 910 937 945 950 942 964 961 974 989 976 977 965 974 983 978 971 977 987 986 987 983 988 991 993 987 991 991 996 991 993 993 995 997 992 994 996 991 995 996 995 991 994 991 998 996 992 996 993 998 994 997 994 992 998 993 998 992 989 991 993 991 992 995 994 997 990 996 990 995 999 997 995 994 997 992 994 992 996 995 992 992 996 997 997 998 997 994 986 996 991 996 992 992 997 994 
517 479 258 186 112 69 75 67 61 38 41 35 38 31 16 17 24 13 24 24 14 10 15 6 14 16 5 4 15 1 7 8 3 5 6 10 4 3 10 8 8 4 7 6 4 4 9 7 5 3 9 7 8 4 7 6 9 6 0 5 10 8 8 7 11 6 3 7 9 5 2 4 7 1 9 6 4 8 0 4 8 9 5 4 5 7 4 11 10 4 7 3 6 7 4 4 4 7 9 6 5 
498 270 133 69 50 41 40 38 45 30 19 15 14 11 7 6 6 3 7 8 7 3 2 5 2 6 6 3 1 1 2 0 9 7 3 6 3 10 4 6 4 7 10 5 4 7 3 6 5 3 8 12 8 8 1 14 4 3 3 4 4 3 0 2 6 11 4 9 8 7 5 12 5 7 3 4 8 5 4 4 6 3 4 9 3 0 6 5 5 6 1 1 4 7 7 8 4 9 5 10 16 
510 790 914 940 960 961 949 970 979 992 984 987 984 993 989 994 993 998 994 996 998 993 995 996 993 999 996 996 999 990 997 997 996 987 997 997 993 996 992 993 997 993 992 997 997 995 996 998 996 996 996 993 999 992 997 991 996 996 997 993 998 991 994 995 995 992 996 997 996 988 991 988 994 995 995 989 988 992 993 998 996 994 994 994 997 992 999 990 995 994 995 1000 996 993 989 998 987 989 994 998 997 
