489 525 511 518 500 493 507 461 507 520 476 511 497 499 509 485 508 494 496 524 507 502 521 497 488 504 493 529 502 473 517 501 515 501 541 509 496 495 528 485 489 498 501 492 525 501 507 485 501 509 497 494 516 517 498 489 505 507 483 512 517 483 486 529 507 501 475 511 503 531 499 507 492 514 507 506 530 502 535 499 535 484 503 513 533 496 488 487 474 505 486 503 506 550 504 497 489 491 500 493 515 
504 507 541 519 519 523 499 531 540 528 517 496 525 503 546 519 526 521 531 526 541 501 508 511 524 533 527 543 543 523 519 514 520 509 498 523 507 524 519 528 520 519 506 515 516 524 532 525 531 533 495 566 528 526 502 520 505 511 515 552 525 509 500 531 512 491 517 517 536 518 545 529 509 535 513 513 504 528 506 543 506 501 493 525 535 517 516 516 526 549 513 539 530 522 507 540 535 492 525 490 529 
495 428 443 473 478 449 443 438 432 468 414 426 467 453 456 485 467 420 430 434 472 469 459 447 451 460 462 466 460 424 462 445 470 432 458 465 454 449 455 455 468 443 471 475 460 451 484 440 470 446 440 461 460 451 451 436 456 439 431 457 464 461 472 467 435 429 453 477 448 465 442 431 443 450 461 420 453 446 459 456 459 451 483 441 460 469 490 444 463 443 462 482 460 449 456 432 441 437 448 437 441 
526 569 582 577 600 570 592 579 560 578 576 559 560 585 555 577 565 589 567 573 560 586 597 551 556 601 555 555 587 598 554 560 568 571 552 606 567 568 582 570 576 581 600 598 599 575 578 590 572 580 555 569 558 589 577 574 572 566 578 583 575 586 588 562 549 561 604 614 592 596 596 593 571 573 588 576 576 580 583 575 536 588 592 566 568 588 594 566 578 567 585 578 561 556 552 580 569 562 583 597 571 
488 524 523 569 529 517 570 533 550 546 515 513 563 512 518 563 534 552 536 535 541 548 542 528 544 551 512 550 508 509 546 526 551 553 548 556 562 524 519 535 534 533 513 544 513 534 529 522 525 539 551 523 533 533 543 583 550 541 510 540 520 530 538 554 570 565 572 529 513 525 541 534 534 528 567 534 544 550 515 527 534 546 547 539 492 553 519 555 514 516 538 542 540 504 562 549 530 530 539 532 549 
505 517 470 488 497 472 497 514 520 485 504 492 541 503 478 491 504 503 489 510 522 516 510 536 499 497 492 518 497 521 499 535 514 534 517 465 525 512 504 502 524 510 514 512 528 510 493 500 508 512 488 470 503 514 503 498 535 502 508 508 524 497 510 504 509 476 470 515 488 491 486 505 527 517 492 494 493 507 509 512 483 535 494 497 485 519 500 495 514 515 507 482 520 515 494 483 522 496 509 524 495 
486 537 526 539 519 513 510 517 485 521 534 490 522 518 519 516 493 508 517 528 524 539 523 495 505 492 525 525 506 505 518 510 498 504 525 487 523 539 547 488 524 499 520 525 519 512 495 506 523 519 518 513 491 521 550 506 506 476 547 515 507 517 522 538 527 529 535 502 515 486 516 486 528 490 505 516 479 518 542 502 473 517 516 527 532 503 509 507 502 521 489 521 482 494 505 518 536 514 503 480 527 
506 509 479 484 485 510 512 503 464 499 488 513 481 498 497 432 509 484 483 501 472 491 498 487 480 489 471 478 463 481 455 485 491 511 467 465 483 498 482 470 481 467 475 466 512 508 468 481 494 488 495 483 495 488 511 508 466 485 505 487 516 500 477 487 500 479 486 489 490 518 483 502 492 464 524 479 495 501 500 498 487 483 512 539 484 483 473 485 483 521 538 511 488 489 483 497 472 448 492 496 476 
487 495 502 536 489 492 477 452 518 508 517 494 507 463 510 533 500 472 505 488 489 527 506 506 503 509 526 500 474 486 481 506 524 484 486 501 470 465 503 511 477 503 489 494 514 505 493 479 491 481 463 507 495 493 481 470 501 480 470 501 487 498 480 471 478 485 502 492 512 509 505 541 489 504 499 509 471 486 466 487 502 503 478 452 469 507 478 466 504 487 483 529 481 488 479 496 491 484 490 466 514 
492 486 499 493 466 519 470 463 470 450 492 445 484 488 462 464 492 492 481 484 493 478 480 494 485 454 452 477 468 462 483 477 487 478 502 439 465 488 475 472 480 493 451 458 465 475 463 463 482 475 451 473 460 484 462 464 505 510 473 495 504 471 495 439 469 467 490 448 446 486 486 462 464 465 462 457 476 458 470 500 479 505 481 466 472 488 480 476 475 483 473 498 481 506 477 463 457 469 506 472 486 
498 390 405 404 453 404 417 414 397 462 424 401 427 428 383 412 426 403 428 403 399 437 407 432 433 424 412 403 440 408 418 402 387 417 416 415 424 425 422 402 402 441 428 393 440 406 445 397 395 417 429 400 428 409 412 430 400 440 416 407 423 440 429 429 403 401 426 428 440 404 431 412 393 415 418 417 425 418 399 418 442 401 438 420 394 398 417 395 422 434 415 392 437 429 408 437 401 387 424 420 431 
484 518 518 507 516 496 528 530 516 554 515 564 550 537 526 513 550 526 509 524 547 549 503 538 523 519 542 492 528 531 549 513 502 521 510 517 542 490 526 570 494 525 536 510 515 521 506 532 534 515 535 509 529 547 518 498 503 535 549 505 512 532 537 519 549 499 516 486 558 551 498 519 526 548 521 524 533 501 548 555 553 501 548 530 542 526 554 483 552 543 540 543 526 527 531 533 567 514 520 532 539 
515 528 563 548 552 528 532 528 537 564 538 527 541 547 532 564 547 546 534 552 562 537 544 543 517 566 520 569 531 552 494 537 489 552 549 544 510 515 523 563 526 569 546 551 558 526 534 535 553 550 551 555 539 527 549 573 531 539 531 566 520 550 529 538 566 525 528 556 493 511 502 547 527 549 568 544 528 543 511 538 541 521 543 550 521 542 562 511 532 560 544 521 553 528 546 540 535 559 530 536 541 
493 491 503 519 501 490 464 497 480 489 490 510 485 468 491 495 524 489 512 507 480 500 497 494 490 509 462 503 520 530 500 481 495 482 483 482 474 524 450 484 521 505 482 521 501 516 486 496 498 490 497 486 489 510 528 468 507 444 528 503 496 504 499 511 501 509 482 475 472 498 510 502 505 500 501 513 462 537 501 510 477 490 461 509 494 512 497 491 521 497 504 501 513 508 521 487 480 503 490 486 515 
485 507 496 485 481 480 512 497 505 479 510 475 514 462 473 508 505 484 476 503 509 479 475 498 486 479 480 525 498 508 519 516 521 500 497 501 521 503 515 480 492 488 515 495 486 504 525 512 521 489 474 500 498 497 529 495 480 505 482 458 506 533 484 498 500 513 461 506 508 496 498 496 481 499 476 479 495 483 515 475 469 496 497 497 486 494 513 483 495 472 494 495 493 505 502 509 512 515 494 487 477 
495 519 489 511 526 498 503 517 487 493 508 477 482 513 481 506 495 491 486 514 456 508 475 501 474 493 511 494 487 479 495 495 479 477 496 501 507 477 470 476 512 513 487 501 514 487 482 515 460 499 477 504 465 490 500 466 484 491 490 514 466 503 484 476 492 491 511 519 502 503 486 462 460 470 481 467 506 498 492 474 495 506 496 506 507 500 472 504 490 479 466 499 502 485 495 470 478 534 469 477 468 
512 460 459 469 454 461 459 471 461 500 492 492 458 459 483 481 505 463 507 490 489 509 492 459 491 531 487 481 454 475 476 478 494 479 491 479 479 495 484 459 500 463 461 480 488 481 461 446 473 492 450 492 492 460 489 481 477 462 498 527 516 461 475 452 480 484 494 473 479 480 456 471 470 482 494 490 468 484 476 497 510 496 466 439 503 491 497 493 462 441 453 481 476 471 489 461 508 493 477 474 488 
483 500 469 500 478 468 482 484 475 473 494 475 489 484 499 465 452 462 471 465 499 473 458 503 423 465 466 461 478 477 465 461 462 471 476 475 486 480 480 490 498 463 484 495 472 489 486 491 465 490 496 487 459 487 489 455 477 473 483 476 483 462 492 460 472 478 489 478 467 486 462 497 466 473 506 456 508 472 510 492 479 467 458 481 487 460 506 444 481 484 481 486 480 450 478 487 449 480 498 485 492 
489 488 499 479 473 453 485 494 473 495 489 485 482 522 490 508 483 466 490 471 484 488 505 505 452 494 495 483 500 489 462 499 495 483 494 480 440 486 489 481 481 488 467 493 486 465 488 489 466 506 479 469 511 487 448 473 485 481 481 474 469 477 508 520 485 493 469 520 496 521 487 485 468 496 476 489 492 489 476 502 499 481 497 482 501 492 431 496 513 472 477 493 488 478 516 482 502 486 457 498 483 
493 530 527 488 545 505 506 476 514 495 526 511 518 529 518 539 510 502 539 475 534 547 504 511 540 532 515 510 508 513 530 496 516 515 512 491 521 527 512 522 506 500 515 524 513 490 519 512 475 495 494 514 502 529 545 499 498 520 514 530 508 512 512 523 538 511 514 521 514 533 515 516 524 499 525 487 508 514 483 490 521 512 532 510 506 510 524 517 528 514 527 489 548 486 539 529 502 508 528 530 522 
