478 307 121 98 43 28 43 36 17 18 10 14 11 7 13 8 5 9 4 6 8 6 5 4 4 7 9 1 2 10 7 20 6 5 23 12 7 2 14 11 10 9 6 8 5 7 10 3 2 9 5 14 12 4 4 5 4 7 1 3 6 3 14 4 4 6 2 6 6 7 2 7 12 13 7 4 2 4 7 1 4 7 5 9 12 4 5 4 3 2 8 4 4 8 5 3 6 11 5 7 2 
489 231 99 59 47 44 32 14 12 19 11 11 5 5 10 7 7 3 5 7 3 1 1 2 7 4 4 2 9 9 9 0 3 2 4 8 8 2 8 6 4 6 9 3 2 3 5 4 1 10 11 6 4 7 10 2 6 7 14 2 9 2 5 3 8 4 4 2 3 9 3 5 8 4 14 11 8 8 5 5 9 7 11 8 6 4 6 5 8 6 2 4 8 9 4 3 2 10 4 8 6 
504 614 812 896 913 937 959 966 974 964 968 970 988 996 979 990 994 991 987 992 990 995 998 988 992 989 996 994 990 996 998 995 992 996 990 989 996 994 991 991 986 994 993 992 996 990 998 993 994 995 994 994 993 996 996 995 994 989 990 998 997 994 989 989 987 995 994 995 995 993 992 997 994 997 989 992 996 996 998 994 998 996 995 997 992 995 993 999 999 995 996 993 985 990 998 991 996 999 998 995 989 
509 777 925 916 937 962 973 981 982 982 978 980 982 988 994 992 992 994 994 994 993 997 994 988 993 994 998 993 997 994 996 995 996 991 979 994 991 993 993 995 994 993 992 997 997 996 997 991 994 990 997 987 992 986 995 996 998 987 993 993 996 993 989 987 994 991 999 996 994 996 991 997 993 997 998 986 995 995 989 993 998 996 998 997 995 994 997 989 994 997 1000 995 993 996 997 994 995 993 997 993 992 
482 518 384 198 143 113 112 87 80 65 77 50 36 26 42 22 14 12 9 16 24 7 14 10 21 8 25 9 12 7 4 4 4 3 4 2 4 8 7 2 6 13 2 7 5 0 2 3 14 8 5 2 4 6 5 6 1 6 17 6 12 7 4 7 7 6 5 4 5 6 5 17 3 3 6 1 10 7 9 4 3 6 1 5 6 10 4 11 2 5 3 8 4 10 4 8 11 4 5 14 5 
523 785 903 947 940 968 975 983 977 983 991 982 983 994 989 984 993 997 991 996 995 995 983 993 992 998 996 986 997 994 998 994 995 996 997 994 994 991 996 991 997 993 996 987 999 996 997 994 996 1000 989 995 995 992 991 995 995 994 993 994 996 991 997 997 998 992 998 995 995 996 989 992 997 993 997 995 997 990 997 994 986 991 994 992 995 995 990 988 998 995 992 988 993 996 998 997 998 994 995 999 1000 
486 442 146 91 72 74 37 46 30 27 35 20 33 9 13 13 8 14 2 10 2 10 2 10 9 6 7 4 1 5 3 3 4 10 8 7 11 5 5 5 3 4 4 8 4 5 11 2 5 9 4 7 4 11 10 1 3 2 7 4 8 4 4 3 3 3 4 3 13 3 4 7 7 8 3 4 6 8 1 10 6 6 3 6 9 10 3 12 5 4 6 10 6 5 4 9 8 2 12 7 3 
492 512 438 280 208 157 142 105 91 77 79 59 49 39 53 44 38 41 43 41 40 42 39 39 37 35 22 23 25 18 22 19 15 35 31 55 44 39 24 9 5 5 8 2 14 15 3 13 1 12 3 11 6 1 11 4 12 11 4 7 6 7 13 6 6 1 1 6 14 4 18 8 12 3 5 6 7 9 3 8 8 8 6 12 13 8 4 7 16 6 9 5 5 11 5 5 10 6 8 8 2 
513 455 307 188 120 94 88 71 47 56 38 33 16 16 24 16 20 13 23 18 19 12 12 19 15 7 5 2 5 8 8 3 4 9 6 8 4 12 4 14 2 16 4 6 8 5 10 3 5 12 2 9 4 12 8 16 12 2 4 2 2 5 6 2 8 2 8 7 3 4 8 5 18 8 6 5 7 4 5 3 8 3 16 6 9 14 5 8 1 8 7 5 9 7 1 15 3 7 8 9 6 
497 368 100 76 45 40 37 44 29 17 37 38 34 9 8 6 5 6 5 14 8 10 4 3 4 4 11 8 5 4 7 3 5 8 8 5 6 10 3 1 8 9 9 6 10 2 5 11 8 4 5 9 7 2 10 5 3 2 8 4 8 5 9 9 4 4 7 3 16 16 3 5 5 10 14 6 6 15 1 10 5 5 4 7 2 14 10 2 9 7 3 3 6 3 6 8 5 4 13 5 3 
490 96 61 56 18 37 24 36 17 21 3 10 6 3 6 8 10 7 4 3 3 4 5 4 2 15 3 9 4 2 4 10 2 7 8 5 7 5 3 9 4 9 2 0 3 3 3 3 9 5 2 5 4 2 5 7 1 10 3 9 0 2 5 1 4 1 6 7 7 5 2 3 4 1 4 1 2 7 7 4 4 3 4 7 4 4 12 5 5 3 4 2 4 9 6 7 3 7 3 2 6 
520 495 398 238 147 148 112 120 98 97 66 89 49 28 32 16 22 10 13 11 13 8 15 7 8 7 8 4 17 7 7 11 10 12 15 7 9 7 7 6 5 8 2 3 4 9 6 6 11 5 1 14 5 3 4 6 4 5 7 6 3 6 7 5 4 6 6 3 7 0 10 0 8 8 5 3 6 4 9 11 5 9 13 4 5 4 3 9 2 9 11 14 6 5 3 3 6 11 5 14 3 
483 344 114 110 73 42 28 27 35 29 19 9 19 7 7 7 2 2 9 2 4 6 11 7 6 1 2 7 4 7 7 4 6 4 3 6 6 4 9 5 6 3 7 9 6 9 4 6 5 2 4 9 4 2 4 0 3 1 10 5 11 13 9 8 7 5 6 5 8 8 15 1 4 4 3 4 6 10 9 6 5 5 3 1 2 5 1 7 6 8 5 4 7 3 5 11 9 13 3 2 3 
516 383 138 64 75 72 47 33 32 31 30 22 19 13 10 12 6 5 4 8 0 8 6 5 6 4 10 6 6 9 4 3 3 4 4 3 5 0 14 7 6 6 1 5 6 4 6 6 7 4 5 4 1 9 7 6 3 3 5 13 5 5 1 11 3 3 4 5 6 0 5 12 5 3 3 5 4 5 10 2 4 7 6 3 4 9 7 6 10 10 4 3 6 7 3 6 6 4 1 8 5 
489 314 112 87 59 47 52 31 31 38 29 40 40 42 29 19 26 18 9 13 9 15 12 9 6 7 7 11 6 4 1 4 5 4 13 4 2 6 7 10 6 4 10 1 2 10 5 9 6 6 3 7 3 8 1 5 6 7 5 1 4 5 6 0 8 3 0 8 4 8 7 6 2 6 3 10 12 6 4 13 2 5 4 3 3 0 4 2 12 4 6 6 4 7 12 5 2 9 1 2 6 
495 460 264 174 133 108 95 51 65 41 42 33 38 42 19 30 32 21 21 19 25 16 18 6 16 9 3 7 3 5 7 4 6 4 3 9 5 9 14 9 3 2 5 2 5 4 8 8 5 12 9 3 7 4 5 5 1 7 6 4 5 4 4 4 6 9 8 4 9 11 4 6 4 7 10 4 11 4 4 8 3 3 3 7 4 3 2 6 6 5 4 5 1 3 6 6 10 4 3 4 2 
512 237 90 51 66 30 29 22 14 11 11 12 8 8 20 17 14 5 29 10 27 12 13 19 11 6 8 8 9 7 3 7 11 12 7 10 4 5 4 6 9 3 8 10 4 6 4 5 9 9 5 3 3 2 10 7 5 3 10 3 4 7 3 12 3 12 13 1 4 8 4 6 7 1 7 6 4 1 3 5 1 4 4 5 3 1 8 5 1 9 4 7 6 9 15 9 8 3 3 9 8 
528 581 697 817 873 916 922 919 924 962 952 949 977 976 970 974 991 987 989 973 994 993 995 996 998 995 997 993 998 995 993 981 994 995 993 999 992 995 987 990 993 992 996 995 997 995 994 991 997 996 995 999 989 998 997 998 988 986 994 998 996 992 994 996 994 999 995 997 999 990 992 988 994 996 996 998 996 1000 996 994 994 1000 996 997 994 995 992 993 983 988 994 994 1000 997 995 997 1000 992 1000 990 991 
485 676 902 930 915 942 958 960 958 973 965 972 976 987 978 984 985 991 990 981 988 982 989 988 983 980 983 994 994 995 996 998 993 991 990 995 993 994 996 995 992 997 995 993 997 991 992 985 992 989 997 991 996 992 994 995 995 993 998 990 997 994 995 992 991 994 995 994 992 993 995 993 996 995 997 993 989 997 994 993 995 992 994 991 994 992 997 996 999 998 997 994 988 997 996 994 990 992 989 995 987 
520 500 651 793 848 850 938 938 950 946 944 949 959 952 960 972 968 981 971 988 993 992 982 980 989 991 983 990 999 995 996 982 993 996 993 998 996 990 994 996 990 993 995 993 995 995 995 992 996 996 996 996 997 995 990 992 998 998 995 995 992 997 993 996 995 993 996 992 1000 996 992 997 995 997 995 997 991 993 995 993 995 995 994 996 995 992 997 996 997 993 997 991 994 991 988 997 991 997 990 996 992 
