520 415 134 43 42 44 37 58 23 32 18 21 11 10 14 17 22 23 11 11 6 5 9 18 19 2 14 13 1 1 4 6 1 2 3 5 10 10 3 5 7 4 12 1 5 1 3 10 9 5 4 7 9 5 4 2 3 5 3 2 7 5 5 2 7 2 4 5 0 9 1 2 11 8 28 17 7 5 9 18 11 3 2 16 8 2 1 9 8 8 3 4 3 4 6 6 30 13 9 0 14 
501 656 870 905 937 965 985 992 997 999 996 991 990 997 996 994 997 996 999 991 987 986 997 997 995 999 996 996 999 988 991 994 998 1000 993 1000 995 995 999 991 996 993 992 994 998 998 999 995 992 992 997 999 999 997 993 994 992 996 991 988 989 999 987 992 994 997 977 995 995 995 993 999 997 999 978 996 995 987 994 990 993 999 992 998 1000 995 1000 994 989 994 991 993 997 994 995 994 994 996 999 994 994 
494 523 489 484 367 255 202 168 125 132 113 81 56 42 26 29 39 20 37 16 17 7 17 22 23 18 18 10 4 6 2 0 7 6 10 6 6 2 3 2 0 7 6 2 5 9 2 11 4 4 1 9 0 6 4 1 3 5 6 4 3 1 9 3 8 3 10 2 1 9 4 5 8 6 8 9 4 7 12 7 4 4 7 7 2 7 2 21 16 9 10 5 8 4 6 7 8 0 1 11 8 
501 342 124 65 38 39 29 29 11 26 17 7 9 3 3 9 2 12 6 8 4 6 2 9 3 6 10 9 5 5 6 13 9 2 3 4 13 10 7 5 3 10 3 3 6 8 1 10 9 16 2 5 9 3 5 2 9 8 3 11 5 9 8 2 6 9 7 2 3 5 4 11 7 11 14 12 12 3 1 3 7 13 3 7 2 6 14 3 1 11 10 12 6 14 7 8 3 26 6 2 11 
478 205 71 68 40 41 26 37 20 38 30 20 15 10 13 19 26 18 26 19 11 12 9 23 4 2 5 10 11 3 4 12 9 8 9 13 14 6 0 1 3 6 9 7 10 11 2 4 4 8 2 2 17 12 9 0 5 3 8 3 2 1 4 4 9 11 9 11 1 7 15 15 5 13 16 8 8 3 1 8 1 3 5 15 2 6 4 1 12 7 4 2 9 7 1 9 5 11 7 1 4 
469 331 197 98 54 41 51 54 52 32 28 19 18 9 15 3 8 10 7 9 16 14 20 10 27 1 19 4 17 2 9 7 5 6 10 8 11 6 7 4 5 13 5 10 8 5 2 5 5 4 2 2 2 8 1 3 13 2 8 0 7 8 7 5 4 14 16 17 11 15 27 10 11 18 10 11 9 4 7 9 4 7 1 1 3 3 6 3 7 14 2 12 5 9 7 9 12 2 6 4 4 
498 536 700 832 889 898 909 932 941 972 945 944 954 963 952 977 976 972 986 974 985 997 980 991 988 992 983 985 983 981 987 976 990 991 994 997 989 994 989 995 994 983 988 989 985 999 998 992 993 990 994 994 998 994 994 999 992 991 994 995 997 997 985 998 988 996 997 988 998 993 988 989 993 991 999 992 998 990 988 993 995 999 997 994 998 986 996 994 995 992 999 999 995 993 998 996 995 997 992 989 991 
490 440 265 174 109 123 77 74 66 47 66 68 51 42 51 32 24 25 6 14 27 7 9 18 1 3 13 4 4 11 14 14 9 13 6 8 2 1 9 5 8 3 17 5 4 11 16 13 10 8 1 6 4 6 7 7 4 4 4 6 9 0 8 2 3 2 6 7 24 7 3 7 3 1 4 0 7 1 9 12 7 7 2 5 7 11 8 4 3 0 0 9 5 13 4 13 10 15 8 11 6 
478 256 162 128 97 45 34 16 23 10 13 0 8 4 15 18 3 4 5 6 3 7 4 7 6 1 4 3 5 5 4 10 8 6 8 7 9 14 3 5 3 13 5 6 5 4 2 2 8 6 7 8 9 1 6 7 3 19 3 0 5 2 4 1 11 7 6 2 6 5 10 1 13 3 5 0 1 2 4 3 5 22 8 2 8 2 2 3 12 1 11 9 4 8 5 9 6 3 10 1 13 
519 453 548 588 644 718 810 843 868 899 903 924 920 911 911 942 945 936 953 975 953 962 978 975 994 976 985 991 971 975 989 988 995 995 996 994 994 991 995 985 988 999 992 999 996 997 995 993 995 994 990 987 997 998 994 994 987 989 997 1000 996 994 992 999 998 983 987 993 996 999 996 995 997 987 989 997 991 993 991 998 996 998 991 993 997 991 993 986 991 998 999 990 990 996 999 997 998 996 991 994 999 
488 522 419 257 191 132 86 101 44 77 82 76 77 41 35 27 34 16 19 20 5 11 12 20 13 19 22 9 38 33 17 32 27 18 20 19 6 2 3 8 8 4 8 6 11 6 1 3 4 10 5 14 8 12 11 2 2 3 6 7 3 6 2 11 17 10 5 6 11 6 5 6 8 12 3 1 4 4 11 1 3 3 2 1 6 11 2 17 2 1 2 2 1 7 3 4 5 5 4 2 12 
515 348 137 102 88 60 49 44 27 39 30 31 40 29 36 24 24 23 17 30 37 25 13 11 8 4 5 7 2 16 6 4 5 6 1 6 16 5 4 2 7 5 4 4 9 1 2 4 6 6 7 2 10 1 7 4 5 4 7 1 2 5 1 7 8 3 8 1 8 2 3 2 23 10 5 2 4 7 6 4 3 2 3 1 2 11 11 2 4 5 1 5 9 4 1 3 1 2 4 3 1 
504 412 179 97 52 57 40 39 52 43 44 30 23 8 9 7 9 1 9 2 3 7 0 5 16 9 5 1 1 3 3 1 10 1 3 5 9 3 1 8 4 5 9 1 3 0 10 2 11 18 6 2 1 2 12 3 8 3 5 10 1 3 5 3 5 7 6 1 13 6 5 9 5 13 2 5 3 8 5 9 30 27 10 0 8 9 9 12 1 9 5 9 6 3 4 11 5 2 5 10 3 
505 267 115 70 48 33 28 35 20 3 9 13 11 11 8 15 4 6 5 0 4 7 7 11 11 8 2 8 4 3 5 2 6 2 6 17 6 1 10 9 12 10 1 1 5 4 6 4 5 12 10 3 2 3 2 7 25 8 8 2 5 8 8 3 4 2 5 2 13 0 8 1 3 3 9 2 13 0 18 14 4 5 7 1 5 3 11 1 4 3 17 10 3 4 4 3 5 5 1 9 1 
505 427 293 190 172 115 73 91 72 42 47 60 27 21 4 17 0 2 6 8 10 2 3 5 2 3 7 5 1 2 6 1 6 12 10 5 6 11 4 15 4 9 6 2 4 3 12 13 14 2 9 12 17 1 1 3 5 2 7 5 7 4 2 10 3 9 18 5 4 4 2 8 6 11 22 7 2 1 8 8 9 10 14 2 7 2 8 8 5 4 21 12 14 9 6 7 2 3 4 5 6 
504 510 615 826 857 867 943 926 918 935 931 943 960 943 969 978 974 977 984 978 961 990 979 983 977 967 954 981 977 937 951 976 968 978 979 982 993 996 999 994 983 997 997 987 989 997 994 995 990 999 987 991 994 992 996 996 995 990 986 990 996 979 991 994 991 996 991 996 987 994 999 996 980 1000 998 995 999 998 1000 999 993 988 992 996 987 995 994 991 995 996 991 991 996 995 989 980 994 994 998 998 998 
498 334 109 72 60 28 26 29 12 18 17 10 12 12 3 3 4 6 9 6 3 5 16 10 4 5 11 3 7 9 1 3 2 7 8 13 4 7 2 2 11 3 9 5 9 7 6 1 7 6 3 5 3 9 5 7 5 9 1 3 3 8 14 4 2 11 4 7 2 6 1 4 4 9 13 2 1 16 7 4 4 3 6 0 3 0 9 12 5 3 5 13 7 7 4 4 2 7 4 7 17 
518 644 886 934 938 954 981 979 974 976 967 984 968 973 972 965 993 983 993 998 991 985 990 993 987 985 986 986 989 992 986 987 991 998 997 996 1000 991 994 997 990 998 998 994 982 993 998 998 995 994 1000 997 998 994 986 992 996 998 987 995 973 1000 999 989 992 996 995 982 997 997 999 990 998 997 995 999 997 993 995 997 991 999 995 991 991 994 991 990 994 995 999 989 992 990 993 996 994 991 998 999 996 
526 612 761 868 886 917 931 953 970 976 971 959 985 990 989 991 998 997 994 993 999 992 996 994 999 1000 993 986 994 988 999 995 996 979 993 995 995 991 998 996 997 995 995 987 998 999 988 990 989 997 992 997 988 995 993 993 998 997 991 998 995 992 998 998 995 991 997 995 995 981 980 969 957 978 998 997 988 996 997 988 994 990 992 994 994 994 994 991 996 998 999 988 997 994 989 997 996 998 995 993 999 
497 362 198 123 102 129 88 52 60 40 25 41 16 22 14 16 21 7 9 13 20 12 8 18 7 5 15 2 5 3 3 2 13 6 3 1 1 6 14 13 4 2 6 5 8 6 3 2 3 0 12 16 11 5 2 10 1 6 3 2 1 1 3 3 7 10 16 17 4 2 4 3 2 6 4 6 13 3 3 1 1 3 0 7 4 2 6 4 9 3 15 5 9 7 3 17 10 2 2 6 2 
