505 604 546 537 550 594 578 585 578 556 588 579 587 557 576 586 583 537 572 575 584 558 586 587 551 548 520 513 560 580 549 482 533 560 543 550 531 549 568 551 574 562 557 522 540 551 543 577 578 560 586 547 570 559 541 506 545 562 573 572 555 547 566 589 549 561 526 564 526 584 570 513 548 544 570 557 562 574 562 525 549 547 562 567 552 515 566 553 560 561 586 566 533 541 560 547 546 571 543 542 551 
486 389 435 457 436 409 417 394 388 377 467 478 396 427 414 430 407 459 384 417 410 376 420 424 416 420 398 398 478 427 405 483 416 375 431 391 404 388 410 439 404 389 408 389 371 438 387 450 393 408 404 430 382 379 423 449 458 426 451 424 435 471 406 407 442 441 389 447 435 418 455 416 421 463 433 446 417 428 409 448 435 427 420 424 397 462 390 411 424 463 419 429 427 392 415 457 407 415 406 456 453 
518 528 540 507 558 519 509 497 498 561 521 518 536 507 544 553 543 505 525 535 513 555 530 537 548 548 574 514 537 544 525 572 536 490 501 535 518 556 525 483 498 511 522 507 518 497 526 542 526 523 543 497 545 513 540 544 553 544 533 510 525 489 528 523 488 516 517 516 528 519 523 534 515 529 558 533 524 517 583 507 525 499 520 530 516 495 515 539 557 514 534 555 526 542 538 529 574 557 548 524 518 
483 459 480 443 485 499 485 470 492 449 495 491 471 493 468 466 439 497 470 514 485 487 510 455 517 479 473 494 458 461 513 490 488 455 469 460 453 469 468 498 512 499 494 501 497 515 482 473 468 499 455 483 478 509 472 450 497 490 485 471 465 481 505 495 463 422 473 466 509 503 465 453 441 452 464 497 475 466 471 455 482 435 519 500 510 524 480 488 482 472 473 461 483 522 454 485 469 490 497 459 485 
502 504 496 505 480 501 474 504 489 537 493 522 512 506 497 516 500 468 477 501 503 504 541 532 474 497 511 564 494 522 495 534 535 513 518 502 540 523 490 535 490 482 532 473 477 509 527 495 540 481 496 512 532 530 500 483 488 482 520 493 496 513 508 513 527 536 518 495 525 515 494 500 510 535 531 517 478 511 521 518 497 478 513 509 494 562 512 524 467 499 470 533 534 543 510 503 495 518 526 508 524 
483 458 385 438 467 409 429 456 408 410 448 436 416 404 386 446 434 407 432 401 418 450 439 463 430 424 402 451 434 423 392 474 437 442 402 434 453 415 419 443 413 445 423 459 431 463 417 420 441 442 436 432 469 468 406 417 437 432 408 388 432 448 385 448 445 420 434 433 433 395 441 448 453 424 421 441 443 429 470 421 445 441 413 432 432 410 411 395 405 456 434 423 424 450 421 431 455 443 387 427 388 
487 494 523 502 526 490 500 519 499 519 507 497 544 482 490 518 509 490 490 506 514 498 517 473 477 502 495 476 478 516 487 518 525 507 495 495 521 478 484 503 497 534 485 469 518 467 457 479 521 477 547 505 493 505 451 485 503 500 531 508 502 508 499 509 533 506 495 468 474 491 524 491 492 503 504 523 512 489 496 514 463 495 474 513 487 519 529 502 500 530 509 461 510 466 502 506 479 509 516 487 520 
515 514 539 518 546 503 517 518 509 518 544 482 520 530 535 556 523 497 515 554 521 584 506 542 527 543 538 570 557 495 500 532 526 551 545 524 573 530 583 541 533 543 512 519 531 536 514 569 499 519 525 552 535 537 528 521 512 516 520 524 568 530 521 504 541 539 538 545 542 566 538 532 542 563 520 533 557 526 509 517 529 513 518 526 542 565 517 543 524 546 498 533 531 599 546 550 522 507 565 554 557 
517 468 505 462 488 447 482 463 415 456 475 511 457 472 473 455 500 461 467 472 479 441 467 435 504 470 446 506 462 452 429 458 472 481 493 493 474 442 478 483 513 443 457 472 476 492 460 448 467 431 466 438 487 478 458 443 483 432 489 475 483 449 487 430 465 443 487 459 480 453 453 452 404 453 448 493 492 453 492 490 447 506 466 463 480 464 472 483 489 490 478 499 465 483 454 436 455 445 482 448 476 
485 557 551 550 563 591 573 577 550 611 546 560 599 570 570 546 576 535 610 585 565 566 574 550 568 570 550 552 575 580 582 569 566 546 603 600 576 558 552 561 531 568 569 587 591 558 544 561 561 544 570 581 567 618 550 580 575 566 564 544 558 565 594 572 569 611 537 574 598 591 592 599 561 577 550 556 535 599 586 536 548 581 552 562 550 585 537 586 558 570 574 577 526 554 548 571 569 593 579 574 604 
468 520 516 542 513 500 522 503 522 548 544 517 507 508 501 528 545 518 490 520 510 534 534 505 514 479 482 505 527 522 496 481 558 531 523 493 508 491 546 502 504 503 484 548 469 483 554 515 512 554 532 528 541 517 524 503 528 514 515 538 519 540 496 478 532 543 526 574 513 489 508 505 489 500 475 520 540 538 543 568 475 535 493 536 522 524 547 482 498 521 541 503 546 517 560 533 499 526 565 500 522 
498 479 439 480 446 439 454 425 503 518 453 503 472 487 454 473 539 500 464 489 508 499 454 446 448 459 483 480 471 443 457 453 466 515 457 462 446 468 440 432 466 498 455 483 446 481 466 462 446 482 496 464 477 430 466 505 434 493 463 507 488 496 458 452 460 469 497 470 436 457 469 513 489 460 510 531 458 452 478 445 470 490 500 485 465 469 478 465 505 447 459 506 469 459 453 480 445 490 450 469 481 
496 511 489 492 456 497 506 514 508 460 469 493 475 469 469 438 446 479 480 493 518 468 439 468 475 469 470 473 497 439 465 466 459 506 487 469 469 454 458 451 450 477 492 497 451 469 490 479 474 498 488 491 463 442 490 435 516 484 417 469 470 459 444 477 480 450 465 499 424 425 478 460 425 460 480 451 510 484 421 468 436 479 455 481 463 469 478 465 463 436 477 471 478 449 449 470 480 479 489 466 445 
503 428 445 461 471 447 414 458 435 446 374 450 445 463 407 440 466 447 438 435 420 446 445 476 424 439 446 446 432 408 441 417 464 435 428 397 421 423 456 467 475 403 446 445 426 424 431 436 441 442 452 438 439 425 408 426 435 461 444 453 428 446 421 409 427 423 422 465 444 442 436 410 425 417 436 439 439 458 399 427 463 435 433 405 371 444 430 412 436 495 455 462 446 443 456 426 481 437 465 450 437 
502 570 569 542 576 568 566 553 590 584 526 567 546 607 575 582 532 545 533 557 587 590 575 578 551 553 621 553 611 576 569 583 555 580 580 605 578 560 554 611 615 590 584 553 590 582 589 620 586 598 570 585 567 534 567 559 555 584 623 584 554 570 567 564 565 602 572 505 558 577 567 606 546 552 607 585 558 560 615 569 555 590 558 576 542 565 558 578 554 579 567 577 558 570 569 604 574 554 576 558 527 
451 532 475 467 495 530 522 490 511 482 502 482 490 549 548 495 486 496 523 514 503 468 482 486 541 494 459 523 505 505 499 500 456 534 495 489 478 519 490 521 495 473 518 497 492 513 521 509 485 498 517 498 511 503 541 516 546 530 512 515 536 521 508 477 513 506 500 510 504 488 477 485 478 497 517 513 506 544 474 518 504 527 520 480 468 457 478 505 468 507 520 511 495 502 490 493 466 485 509 486 486 
509 459 488 494 462 507 475 481 524 487 479 517 473 473 505 456 490 446 489 470 486 485 469 477 510 526 497 497 466 486 517 503 493 479 456 513 529 485 472 476 466 499 503 516 496 463 456 489 561 468 465 525 494 455 461 500 518 500 475 507 526 475 501 490 478 476 511 501 513 504 447 486 504 522 444 484 507 535 513 466 495 468 497 494 484 474 476 539 464 483 472 469 501 501 490 495 545 491 462 501 514 
530 523 547 540 532 560 559 547 571 574 556 518 493 529 543 506 551 555 534 541 511 543 539 528 511 545 535 530 524 531 495 553 519 579 556 499 508 524 527 519 516 561 514 507 537 536 480 519 540 536 551 523 533 561 502 501 513 506 534 531 541 490 521 528 569 504 549 565 512 541 538 497 561 543 491 536 505 488 523 536 540 520 527 521 539 518 532 549 593 533 544 557 533 526 556 528 563 550 511 516 538 
479 458 431 465 495 472 431 458 464 480 490 443 412 477 444 407 409 447 461 493 432 431 441 473 427 441 436 429 428 425 463 463 450 420 420 450 448 451 440 482 408 410 430 449 461 424 431 485 479 451 440 437 439 439 449 418 439 475 419 458 446 409 470 480 477 456 465 432 453 465 421 431 498 429 406 445 467 442 435 466 444 449 434 402 422 464 429 459 426 447 482 474 459 447 423 442 488 444 466 492 436 
524 437 518 511 491 489 499 461 491 478 491 469 470 484 490 450 427 484 511 494 511 434 515 480 492 452 472 473 502 518 509 459 521 470 516 481 482 483 499 493 484 459 520 476 479 461 524 471 463 492 474 487 479 493 513 457 484 472 502 471 467 508 484 495 483 471 523 480 484 502 519 483 437 500 527 488 478 431 470 509 513 462 458 479 486 460 465 461 482 485 526 516 465 435 464 466 488 435 504 476 452 
