515 541 545 574 565 575 550 561 555 575 582 581 595 585 599 591 579 581 579 585 588 597 588 587 584 591 596 586 594 595 591 587 596 589 594 598 600 611 605 609 613 610 608 603 614 610 605 602 614 610 614 605 593 601 596 594 599 604 609 602 607 618 617 614 614 616 625 627 630 631 629 618 624 619 616 616 620 622 632 627 625 621 616 618 624 629 625 611 623 612 609 607 609 600 612 605 607 609 604 615 608 
494 518 515 518 536 530 522 517 514 495 506 509 508 509 492 502 506 495 510 507 514 517 515 517 526 533 515 515 516 516 512 501 501 500 503 505 515 505 505 511 501 514 510 516 505 518 511 497 512 504 502 503 502 513 505 512 517 503 512 515 517 520 503 508 520 515 515 514 515 509 510 514 510 511 515 518 513 524 517 520 516 522 519 525 523 515 511 514 511 518 512 514 508 512 506 507 503 509 513 507 509 
496 540 552 554 548 541 545 569 561 568 574 579 577 560 573 582 571 558 570 575 555 566 567 570 562 556 562 549 559 569 565 562 558 561 568 552 555 557 560 538 559 556 552 552 551 564 550 560 570 574 567 573 567 575 576 574 580 568 583 588 579 585 581 587 577 583 592 599 584 586 584 580 586 575 577 585 584 591 582 576 599 600 592 589 598 593 605 589 595 599 600 598 594 595 598 600 602 591 601 600 599 
508 471 483 466 451 461 463 441 453 433 430 429 416 422 417 426 426 428 429 440 437 440 440 439 442 452 428 437 436 439 438 446 444 447 440 441 447 447 431 424 434 421 424 425 427 435 438 425 434 425 432 431 424 433 430 421 430 426 421 422 423 421 425 418 417 425 435 432 427 427 432 430 425 415 419 427 421 421 419 420 427 416 422 421 410 409 420 416 428 411 421 427 422 418 421 424 424 423 425 431 426 
522 524 517 517 529 526 526 521 512 510 505 508 487 495 480 479 477 464 459 467 458 455 460 476 474 466 461 479 471 475 472 463 468 468 477 453 465 455 458 468 466 472 464 461 483 477 484 472 459 473 466 449 457 462 456 447 448 448 448 450 459 452 462 455 456 453 458 450 441 446 441 458 443 442 466 454 455 447 454 445 445 446 447 445 455 451 462 460 452 452 459 440 436 452 458 454 450 450 449 445 459 
481 519 511 534 526 534 546 551 557 559 540 546 557 552 560 568 559 559 548 562 559 553 550 556 556 559 552 556 552 550 556 548 556 559 548 545 556 542 546 543 549 532 540 548 540 543 537 530 540 536 541 538 538 547 533 539 553 557 559 542 554 550 554 557 554 559 562 559 566 568 559 557 565 554 553 562 562 552 551 552 560 549 549 558 546 560 552 550 560 559 547 544 544 544 537 542 547 549 549 550 541 
512 607 603 612 605 632 638 647 640 625 629 616 607 605 613 598 606 603 601 589 597 591 591 601 596 597 597 585 593 593 588 587 595 596 599 598 583 587 600 589 592 587 591 600 594 599 607 602 597 595 601 598 604 600 596 604 597 597 593 604 599 604 599 591 584 602 601 611 605 597 595 596 589 595 590 589 591 584 588 594 585 594 595 597 596 605 601 609 608 600 610 608 602 603 594 602 605 603 610 600 598 
514 537 530 555 546 553 550 536 514 516 524 518 521 515 503 508 516 502 519 529 532 529 530 523 531 531 530 539 545 543 543 554 547 554 538 542 544 551 535 531 529 529 509 532 520 541 522 532 526 522 520 533 534 524 544 536 547 528 530 540 539 537 541 548 543 541 546 540 558 559 550 559 553 550 556 543 543 549 562 557 557 554 560 553 551 554 548 563 553 549 552 553 549 549 538 532 537 536 532 531 543 
510 523 565 568 570 564 572 576 569 582 581 586 583 581 570 576 551 564 554 559 553 551 541 535 542 541 533 538 531 537 542 521 530 545 535 533 545 538 547 543 542 551 557 548 552 550 541 542 542 541 536 547 546 545 533 537 539 533 532 526 531 536 532 529 534 539 537 539 537 537 545 541 542 539 542 543 549 551 539 556 559 549 557 557 558 555 542 541 541 545 544 538 539 544 544 535 539 531 529 534 535 
497 522 515 508 504 514 514 519 530 518 508 504 512 514 506 501 512 516 506 509 505 516 501 519 527 519 514 516 523 517 524 526 529 535 519 527 523 527 530 527 538 539 533 529 531 528 528 526 537 527 533 533 532 543 533 540 533 540 536 545 547 546 555 554 551 552 553 555 557 553 558 562 554 549 560 552 551 556 552 557 558 554 559 555 551 556 551 549 550 547 546 544 549 542 544 543 538 543 525 535 525 
509 493 492 487 507 514 522 523 536 525 526 517 523 507 511 507 515 517 523 507 518 514 504 496 520 491 510 504 497 494 497 501 511 517 508 510 505 519 495 513 509 505 506 500 503 514 521 522 508 516 531 525 527 518 521 517 523 525 514 507 512 514 497 519 510 533 520 511 520 526 521 519 539 516 532 526 520 511 523 525 515 521 507 519 520 527 520 530 523 528 518 522 517 526 526 526 526 530 532 536 530 
490 487 508 502 523 527 510 515 496 506 496 477 481 490 475 464 463 465 469 473 481 471 467 479 477 473 480 493 470 470 470 469 467 455 463 455 461 459 457 460 457 453 459 460 466 461 457 458 456 450 439 442 443 455 467 456 463 461 462 469 469 470 467 474 475 467 455 463 467 456 462 473 470 474 468 458 454 460 466 461 467 459 455 459 453 463 458 462 457 463 458 459 452 455 447 463 462 466 458 455 460 
483 502 495 502 500 517 492 515 492 495 496 511 508 506 516 520 544 532 530 543 540 537 550 532 519 527 529 541 536 525 515 520 520 515 515 518 523 520 521 528 516 513 518 502 511 510 506 506 512 510 506 507 507 508 516 513 522 528 524 523 516 521 515 513 527 512 499 499 503 503 506 510 496 496 497 501 501 502 507 500 497 491 492 504 488 486 483 483 489 496 485 480 479 478 489 486 488 484 485 489 491 
492 472 453 424 465 440 439 433 425 423 419 416 435 414 406 421 410 408 396 408 400 399 390 387 388 369 382 380 384 387 376 359 357 355 351 360 354 346 348 351 341 336 344 324 326 335 329 324 313 300 304 311 309 319 311 305 304 294 313 311 320 314 310 311 316 309 314 315 318 321 310 313 304 320 316 310 324 312 317 325 320 318 332 308 319 323 319 325 322 330 323 324 314 309 320 325 319 317 313 301 307 
495 511 522 508 524 520 529 529 522 517 511 500 497 510 515 505 508 498 496 495 487 482 492 496 487 494 490 488 486 481 476 480 467 468 482 475 470 469 463 470 453 451 455 459 443 437 444 443 456 456 453 442 431 436 433 426 432 440 448 430 443 435 422 434 431 437 425 428 437 434 432 429 425 431 424 432 429 442 434 438 430 433 434 433 436 432 433 434 428 433 436 428 436 438 438 441 432 445 438 438 437 
500 511 507 527 516 522 532 547 547 549 562 542 559 553 558 564 568 562 558 565 566 566 567 570 568 568 558 556 547 558 563 564 567 578 567 574 569 557 555 569 562 564 553 555 557 558 560 546 552 550 561 550 546 548 544 547 546 540 543 535 536 542 529 532 535 532 531 530 536 530 528 530 522 531 515 522 515 527 528 527 534 529 527 525 515 522 519 519 533 526 521 523 518 518 536 525 521 526 512 525 522 
519 506 482 484 503 467 468 473 476 469 463 480 465 465 476 470 482 477 477 460 474 485 482 490 488 491 479 480 471 471 463 484 479 471 486 477 466 469 467 469 472 476 485 473 483 469 463 472 455 461 467 454 469 467 465 459 467 469 459 466 459 468 470 465 464 466 479 484 482 477 478 478 483 482 488 495 488 491 485 488 493 479 489 495 497 486 503 506 504 512 512 512 528 523 515 528 533 526 534 533 535 
490 475 464 440 452 475 472 459 473 460 457 462 458 453 457 447 451 454 448 450 466 442 451 454 448 453 444 445 450 442 443 439 436 436 429 421 423 414 425 429 428 437 437 428 423 438 431 430 431 446 446 448 453 438 441 445 436 461 457 445 444 442 455 456 449 451 458 463 457 462 453 442 457 458 464 463 466 459 463 461 461 454 462 451 450 454 462 454 463 454 454 447 441 444 444 440 440 433 442 445 443 
507 519 536 531 532 528 534 541 540 538 543 547 557 538 554 544 549 553 557 544 548 546 552 554 558 568 569 562 560 550 545 545 543 543 541 531 534 532 542 542 541 551 556 550 561 565 564 558 571 574 564 567 565 560 571 570 567 582 564 567 567 568 569 589 591 581 576 576 583 574 571 568 577 572 566 561 564 568 573 564 568 573 569 565 566 571 575 575 581 568 581 574 566 573 569 569 573 580 573 578 572 
522 517 492 512 515 517 506 517 514 519 509 526 516 525 516 531 526 540 528 529 537 540 541 546 532 544 546 546 549 554 562 557 557 560 566 568 570 577 576 581 577 582 587 578 589 594 592 606 596 605 605 608 587 589 585 598 590 605 607 608 594 611 609 606 605 624 621 612 609 617 621 619 613 603 615 610 617 622 623 619 614 613 615 618 614 602 604 624 603 627 624 629 623 618 616 627 612 620 615 614 623 
