509 535 471 391 399 437 432 432 444 405 410 397 391 407 422 436 435 464 446 401 421 416 391 388 391 359 356 372 358 356 387 397 406 406 415 404 398 376 379 359 344 347 341 349 357 383 391 374 394 394 360 359 352 320 327 338 343 333 322 317 328 341 321 326 338 357 357 351 353 388 385 368 378 367 354 348 351 333 337 325 323 322 322 328 343 333 321 338 321 336 351 345 330 339 351 344 309 316 314 322 327 
489 505 477 519 563 609 627 682 677 655 654 674 673 673 635 629 666 718 704 703 701 667 651 640 639 629 635 642 664 650 630 618 612 581 560 544 514 535 508 511 522 559 556 563 556 551 536 546 532 554 567 551 554 577 580 591 586 575 559 565 545 526 555 582 579 573 574 571 602 600 583 587 562 564 568 557 545 517 506 495 503 528 563 552 550 541 550 539 527 537 546 542 540 555 539 538 563 568 559 575 575 
501 541 567 527 529 548 559 554 529 511 518 509 479 460 467 459 475 481 458 452 521 550 526 514 486 411 417 401 363 345 347 337 352 350 369 351 313 323 370 362 342 340 385 370 391 426 432 432 445 457 473 511 516 516 513 510 521 531 507 504 498 497 500 503 508 521 535 546 541 531 543 562 585 589 576 572 560 572 556 544 557 531 542 567 566 566 590 612 629 637 598 612 626 627 638 655 657 669 685 688 705 
551 485 464 510 558 624 596 624 644 645 669 636 618 598 558 518 530 527 524 505 468 477 423 439 425 431 449 425 423 444 470 468 468 495 484 514 500 505 490 496 504 507 479 499 477 483 479 490 525 520 512 513 506 486 466 462 462 458 442 427 438 437 461 480 474 492 489 477 484 502 490 486 468 472 483 496 496 477 461 466 491 499 502 499 499 508 525 535 536 540 549 555 578 586 594 614 623 626 624 609 583 
497 481 457 438 393 359 352 343 323 326 399 403 383 395 371 356 367 356 417 409 407 421 439 455 467 465 479 506 496 472 458 466 468 478 490 446 442 482 468 470 480 467 488 482 478 496 505 533 551 540 567 593 613 602 621 589 548 545 534 511 502 521 523 520 529 529 515 515 494 491 448 450 441 411 423 427 450 405 407 441 422 418 404 409 411 406 416 414 419 424 396 393 397 402 400 400 398 404 396 394 372 
517 488 442 443 429 422 433 428 373 384 397 378 415 419 446 415 392 389 454 496 490 441 444 505 503 523 528 521 514 507 511 525 513 488 549 577 550 548 534 556 543 543 517 515 487 460 477 502 528 521 499 471 458 491 462 448 457 419 419 395 397 404 412 417 412 416 424 407 420 414 372 365 366 363 340 325 329 324 293 302 308 306 289 311 345 343 341 358 361 338 335 365 397 406 409 398 388 355 356 374 382 
513 507 552 529 538 525 519 554 555 569 590 576 545 512 514 512 484 459 468 453 458 449 468 490 479 494 485 503 536 543 546 537 553 564 538 533 515 536 543 548 522 506 537 534 526 511 537 540 541 541 546 535 545 575 587 591 602 610 597 616 611 618 626 605 598 604 607 596 595 588 597 579 595 571 572 566 568 560 570 582 582 606 606 582 595 625 619 650 652 641 636 645 642 618 622 597 596 624 662 660 641 
519 573 591 603 582 643 629 648 600 609 595 643 612 601 591 612 594 634 610 587 568 547 525 498 511 488 486 466 437 410 400 373 388 390 398 397 413 386 367 373 392 344 360 387 383 359 384 364 358 340 334 314 301 284 286 267 284 287 282 261 253 207 198 184 199 194 201 217 221 233 229 245 262 256 246 261 267 271 269 271 263 266 263 249 243 243 241 236 254 261 242 238 241 230 246 231 239 238 258 259 278 
496 537 491 483 503 468 476 489 488 495 495 539 561 567 587 529 493 485 434 433 498 503 494 455 456 517 516 499 508 502 520 483 465 478 434 435 452 457 479 497 471 468 491 494 486 487 492 472 401 430 465 456 455 437 457 455 450 488 498 491 478 475 487 461 457 490 501 473 469 464 460 481 483 481 459 457 453 459 410 439 439 489 497 482 496 507 501 503 516 528 539 528 479 487 459 432 434 444 406 408 396 
475 408 414 392 368 373 425 406 391 387 316 304 292 275 250 244 249 235 222 227 227 197 191 197 197 196 166 194 204 173 134 141 126 137 90 86 98 83 97 125 102 104 92 100 107 88 68 65 56 58 51 49 63 52 74 66 58 60 53 43 34 36 32 24 10 14 0 0 0 0 0 0 0 0 0 0 0 0 0 0 0 0 0 0 0 0 0 0 0 0 0 0 0 0 0 0 0 0 0 0 0 
502 542 535 519 570 574 607 624 612 634 644 638 644 607 641 617 625 604 618 627 641 665 671 640 611 610 590 594 629 603 600 571 549 603 567 582 620 655 631 587 614 595 603 594 619 659 663 692 696 700 726 749 705 676 668 651 659 642 627 625 609 609 599 637 627 655 650 685 661 644 638 611 620 635 646 680 712 719 679 660 643 672 672 700 706 732 751 801 807 788 797 822 813 807 811 811 816 808 781 770 757 
490 491 515 492 497 478 480 548 602 642 644 627 648 634 636 617 611 622 579 584 611 624 643 655 643 660 620 638 668 664 635 628 635 586 586 619 640 628 590 563 610 621 625 640 648 658 651 655 650 646 623 623 589 568 535 530 527 567 599 612 646 623 620 641 641 619 641 616 630 630 621 565 533 528 523 518 523 509 523 503 475 447 445 457 446 451 457 457 464 456 454 442 444 446 436 451 458 440 427 422 431 
505 576 611 571 564 576 579 583 560 564 582 578 570 613 627 615 604 578 602 603 635 621 630 663 660 634 601 578 557 518 539 546 584 604 610 633 650 646 624 630 635 633 665 643 619 627 621 584 581 566 585 588 547 573 540 565 568 548 546 534 511 464 457 464 495 505 494 505 493 524 535 528 531 554 547 529 523 562 555 573 543 502 502 504 503 513 524 535 561 589 575 574 565 547 528 509 535 517 511 498 511 
500 441 467 504 571 605 583 564 587 611 615 622 590 566 575 627 611 595 550 513 513 490 449 475 488 477 466 468 461 503 527 550 550 569 569 555 543 505 485 525 540 536 575 599 572 552 556 515 506 501 542 538 550 571 553 587 555 565 556 557 619 592 580 617 629 638 614 638 637 633 633 619 628 673 703 728 716 729 704 729 731 698 689 704 727 714 683 646 664 666 672 664 691 670 644 651 650 655 655 644 631 
488 469 476 486 469 504 525 520 483 465 446 453 431 443 434 437 446 451 452 474 494 482 441 444 448 452 464 456 462 456 464 494 486 462 466 427 428 412 405 399 437 452 438 444 441 442 440 429 422 422 446 457 463 464 458 436 446 472 465 476 427 406 430 435 394 396 396 399 380 410 430 457 447 479 484 475 476 458 464 494 508 542 538 574 560 569 562 574 580 558 558 561 537 546 565 553 559 574 615 620 623 
512 477 480 440 451 461 451 456 464 472 490 497 512 519 541 553 571 561 549 547 545 511 482 472 481 496 457 422 445 441 426 391 372 388 388 407 413 406 398 378 376 356 363 361 368 390 379 367 384 366 362 388 392 375 383 405 417 441 442 454 441 445 434 449 437 471 481 485 505 495 494 480 469 459 450 456 468 445 460 485 517 481 491 488 492 498 514 509 528 535 529 534 522 499 501 504 504 488 485 511 512 
509 520 500 474 401 368 356 372 382 349 340 339 330 319 411 411 399 405 393 387 358 328 300 304 341 363 364 366 366 392 408 406 399 413 429 389 388 397 390 364 363 358 352 357 373 360 353 327 321 310 326 333 345 339 352 334 340 366 394 401 386 381 394 444 439 413 404 405 383 373 359 392 418 426 441 438 419 408 376 394 396 402 404 420 430 395 400 417 398 383 346 343 368 365 369 365 353 377 374 382 389 
508 529 525 533 461 457 425 385 429 460 506 551 516 502 510 506 449 422 429 429 411 399 396 384 435 444 437 426 428 448 417 407 366 350 331 349 351 359 343 342 385 396 397 398 387 348 357 331 298 280 233 226 227 211 185 192 213 229 200 186 210 199 223 233 237 228 233 244 235 265 287 273 254 262 283 268 256 271 302 303 307 301 306 290 297 311 311 304 288 276 245 262 252 259 270 260 253 249 231 241 213 
490 440 426 379 334 322 296 321 316 266 265 271 274 291 284 331 357 358 369 328 326 343 339 332 336 344 341 342 358 401 414 430 451 416 374 380 391 387 348 356 374 370 355 365 351 342 340 321 338 347 334 334 328 326 317 330 325 330 345 347 333 334 348 328 339 344 334 338 347 370 381 359 364 349 330 296 274 272 286 303 292 272 269 285 260 268 255 276 265 268 244 266 242 227 213 203 200 211 209 209 213 
515 483 438 424 385 387 413 387 395 421 446 456 465 441 457 433 379 385 369 339 342 336 294 280 264 265 239 234 217 226 217 234 231 227 225 224 217 228 215 213 210 209 215 226 232 244 239 247 255 249 241 240 260 247 236 231 233 239 237 248 231 238 238 244 239 243 225 214 216 196 180 187 182 184 177 160 149 169 165 186 179 186 192 196 199 206 204 201 200 205 201 204 204 195 202 204 210 192 187 184 183 
