524 834 930 947 959 961 969 976 986 977 985 985 996 995 994 996 996 996 996 995 992 996 993 995 997 995 995 991 994 997 994 991 994 988 994 997 996 996 992 996 997 994 996 995 995 989 992 994 990 997 994 995 990 996 995 992 995 992 995 991 999 996 997 992 995 992 990 995 996 993 992 993 992 998 996 997 997 995 995 997 996 996 989 990 995 996 993 995 995 995 995 991 995 991 993 995 997 993 991 992 995 
496 474 434 422 415 413 404 392 393 390 405 392 390 395 396 392 393 386 396 397 371 353 360 359 359 360 359 354 355 356 338 331 351 342 323 343 354 343 335 363 333 343 342 354 354 352 340 343 341 353 339 333 326 335 329 314 322 329 322 320 325 328 307 313 315 321 311 319 306 291 307 286 288 300 277 297 282 298 299 301 304 283 290 253 257 275 277 248 247 234 217 185 159 122 88 88 76 66 69 59 51 
513 815 920 925 939 959 962 974 980 981 985 984 987 991 989 998 992 988 991 992 995 992 991 995 990 989 992 989 995 995 991 993 995 995 992 992 994 994 998 996 997 996 998 997 988 993 996 991 992 994 996 997 992 993 997 996 995 994 995 997 989 991 997 995 995 994 997 999 994 994 996 994 997 996 997 996 995 995 995 994 993 993 994 995 993 994 997 992 994 996 999 997 991 997 994 990 994 993 991 998 996 
482 638 849 914 933 946 941 949 960 973 984 979 978 986 984 988 986 987 993 989 988 989 993 989 996 990 983 991 994 989 995 994 994 994 996 993 994 993 993 994 996 995 995 990 995 991 991 993 995 990 996 996 997 994 996 992 996 989 994 996 995 997 992 991 992 992 996 997 994 993 990 991 998 996 990 998 995 992 995 994 995 992 993 994 991 996 997 991 994 993 994 993 995 992 998 995 997 998 994 994 993 
504 618 860 891 932 929 946 960 968 970 975 975 979 979 989 985 991 993 988 991 987 991 993 994 991 991 989 995 991 990 993 994 996 991 995 992 995 995 995 993 993 997 995 994 990 995 991 990 990 991 993 994 992 992 993 992 994 989 992 993 991 997 997 993 994 996 988 995 998 990 999 992 993 995 996 991 993 995 992 997 998 997 990 997 993 994 991 996 999 998 992 991 996 989 996 998 992 997 993 989 992 
491 166 68 55 39 31 24 18 12 14 5 11 8 12 11 11 8 7 9 3 6 7 3 12 9 6 9 8 8 5 4 9 10 7 6 4 1 10 7 3 6 9 3 6 4 4 8 7 7 5 6 1 3 10 11 7 9 8 5 2 6 4 2 4 2 13 6 4 2 3 9 6 3 2 7 9 3 3 2 2 6 3 9 9 6 6 9 4 7 9 5 6 7 3 5 4 8 4 5 7 8 
486 419 184 123 96 63 57 53 33 34 31 18 23 15 15 13 12 10 6 13 9 12 13 8 10 9 14 10 4 3 6 7 5 5 8 5 7 16 8 7 5 4 9 9 7 8 9 8 8 9 8 7 9 15 10 7 13 3 7 4 4 7 4 6 1 3 8 6 4 5 9 4 8 3 4 3 6 6 6 5 8 5 9 4 7 9 7 13 5 5 9 4 11 5 5 8 6 7 6 4 2 
481 461 416 424 413 408 415 414 427 414 420 418 410 419 409 403 408 409 405 392 410 419 427 426 433 424 411 426 427 444 428 420 421 422 430 440 436 443 443 445 450 430 441 455 448 436 423 427 412 409 412 417 424 431 416 422 423 419 413 418 421 418 429 417 421 408 428 407 416 423 425 396 417 411 388 393 395 395 398 393 389 393 383 377 369 370 362 362 372 381 362 381 382 387 377 387 359 363 363 367 366 
497 550 560 587 591 578 567 566 589 585 570 555 557 581 578 573 568 576 560 574 566 557 573 584 579 573 569 567 578 591 572 577 592 577 588 582 568 591 578 582 587 583 585 580 596 593 606 600 589 581 582 581 589 578 586 589 615 591 608 607 605 597 607 607 613 609 597 605 610 610 616 613 606 597 580 618 620 616 599 593 612 603 610 611 598 588 576 578 582 575 570 567 573 568 594 586 596 573 565 577 583 
494 519 613 665 667 680 692 702 704 731 731 746 750 775 816 845 869 900 910 923 920 941 946 937 956 962 969 973 982 988 988 984 984 982 983 983 984 981 980 991 990 993 989 988 986 989 994 994 994 989 991 989 991 992 998 990 990 996 999 994 996 995 993 996 990 993 996 996 998 993 996 993 998 993 993 993 992 988 992 997 993 995 993 992 996 992 998 998 998 998 999 994 991 995 994 992 996 996 990 995 989 
493 336 135 97 66 43 36 36 29 22 22 25 17 18 14 10 12 13 6 10 6 11 9 8 7 13 5 9 7 7 5 8 6 4 5 3 8 3 2 5 6 3 5 8 10 6 0 7 3 6 7 6 3 4 6 7 5 3 7 2 7 5 6 3 3 10 3 7 3 4 6 4 5 9 4 7 3 8 7 1 7 8 14 3 8 9 5 5 7 10 7 7 12 2 5 6 10 6 9 4 2 
480 733 912 930 944 958 956 973 976 988 986 985 989 988 991 989 989 991 987 992 991 994 993 990 996 997 994 996 995 998 995 996 995 995 995 996 993 995 995 996 1000 992 994 995 993 994 990 992 995 997 994 994 994 994 993 998 993 997 989 997 994 997 997 997 998 988 998 999 994 993 994 992 995 992 995 997 995 997 992 995 997 996 997 995 996 996 992 986 999 992 993 993 997 999 991 992 996 993 995 995 995 
497 193 77 46 44 34 26 14 18 15 12 17 8 6 3 13 7 7 8 5 9 7 10 6 4 6 6 4 6 0 6 4 6 8 7 5 7 7 7 6 4 3 3 5 6 10 7 6 6 6 5 2 6 6 8 4 1 4 1 6 5 3 8 4 8 6 4 7 5 5 5 7 7 6 4 8 5 4 5 5 3 6 11 3 6 7 5 7 8 3 7 4 4 4 5 7 6 5 6 6 8 
500 730 877 932 946 973 971 982 970 984 988 990 987 994 992 992 996 994 993 994 994 996 998 990 991 990 993 998 994 995 994 998 992 996 993 995 996 998 992 990 996 996 995 992 995 996 992 992 992 984 994 994 993 992 997 995 992 994 992 993 990 989 992 989 987 994 997 991 994 993 993 993 995 990 992 995 997 996 992 993 995 993 995 998 996 997 992 998 995 998 996 998 993 997 993 993 991 990 994 994 996 
495 382 157 102 78 66 70 45 48 36 21 15 15 18 16 14 11 11 10 11 8 9 7 10 13 6 9 3 6 7 5 6 9 9 6 6 7 10 8 8 6 5 6 3 3 10 6 2 3 7 8 10 11 6 5 3 6 10 10 6 6 3 8 9 8 9 6 1 7 5 5 7 7 5 4 10 9 5 6 6 2 3 5 7 1 3 5 5 5 1 7 6 3 6 13 9 4 4 4 7 5 
479 300 130 67 55 51 40 31 31 19 17 15 10 14 9 8 6 13 9 8 11 12 5 13 6 11 7 10 15 5 9 13 9 5 4 6 4 8 6 5 8 7 9 5 13 8 6 4 3 7 7 10 5 4 4 8 4 10 5 6 5 6 8 7 5 8 7 8 3 10 6 1 4 8 5 11 4 5 3 7 4 3 10 7 2 7 10 9 7 9 2 8 3 4 4 7 4 7 4 9 6 
483 760 897 952 960 970 966 982 983 975 985 985 986 992 986 991 993 991 992 994 997 994 996 992 996 991 996 996 991 997 995 995 996 994 992 994 997 995 996 992 994 989 995 994 997 997 995 1000 994 995 994 993 992 995 995 997 997 996 993 994 994 997 996 998 996 988 994 992 995 993 991 996 989 995 995 996 991 998 996 990 991 996 996 994 996 996 996 990 993 994 993 993 994 994 997 993 991 991 998 996 991 
497 146 65 39 50 31 17 18 19 13 15 11 16 12 5 13 12 11 2 5 5 8 10 6 6 7 6 8 7 4 4 4 10 9 5 7 5 8 9 7 10 2 5 10 10 5 10 11 8 7 3 7 6 10 4 4 1 4 5 3 6 5 4 7 5 7 14 6 3 3 4 7 4 6 4 10 6 10 6 2 7 5 3 6 2 2 7 5 2 6 9 3 10 6 2 4 8 4 7 5 8 
487 210 95 47 58 25 28 28 30 28 25 19 14 14 8 7 8 11 9 6 10 4 4 6 5 5 5 9 10 9 3 5 8 4 3 6 6 10 4 5 3 12 4 5 8 6 6 6 3 4 4 5 11 8 6 5 8 7 3 7 3 8 5 6 2 11 8 6 5 4 7 4 4 5 2 6 6 4 6 5 8 4 2 6 4 6 2 11 8 4 5 7 8 8 6 7 9 5 4 7 3 
494 538 546 555 539 545 530 544 528 534 536 561 550 542 554 534 547 537 549 554 552 551 572 565 569 577 575 573 552 577 557 573 582 581 586 581 584 576 566 572 573 571 589 575 577 598 582 578 580 577 575 585 589 577 590 572 581 577 559 586 583 585 587 583 610 608 602 605 630 602 602 604 600 604 618 642 627 622 626 625 636 631 622 618 628 624 617 630 621 600 609 619 622 634 639 646 640 639 630 646 653 
