489 439 431 535 561 492 518 508 390 492 404 348 395 476 472 525 486 423 462 456 497 503 576 541 538 495 476 409 547 555 526 515 476 567 491 563 606 634 628 635 636 574 583 631 652 712 638 557 574 561 532 524 442 428 396 408 441 465 397 415 361 380 337 340 373 384 366 383 349 360 332 349 356 250 138 138 208 285 338 405 447 502 434 439 468 331 288 259 235 230 196 147 129 173 203 147 176 213 190 146 220 
492 559 491 508 539 637 648 625 514 505 545 636 645 652 737 594 435 546 490 650 674 670 614 519 515 624 534 669 547 480 515 485 531 445 475 331 164 166 180 138 116 180 78 31 7 0 0 0 0 0 0 0 0 0 0 0 0 0 0 0 0 0 0 0 0 0 0 0 0 0 0 0 0 0 0 0 0 0 0 0 0 0 0 0 0 0 0 0 0 0 0 0 0 0 0 0 0 0 0 0 0 
484 425 343 186 227 195 178 165 148 214 223 245 348 356 383 471 560 580 592 716 684 745 661 625 557 604 538 448 546 623 662 601 502 467 491 488 565 520 554 429 524 468 561 538 592 713 723 817 845 876 907 950 941 927 923 965 885 872 945 939 989 995 978 992 986 964 915 930 901 986 1000 1000 1000 1000 1000 1000 1000 1000 1000 1000 1000 1000 1000 1000 1000 1000 1000 1000 1000 1000 1000 1000 1000 1000 1000 1000 1000 1000 1000 1000 1000 
510 440 390 359 387 387 276 237 281 260 337 324 315 335 346 220 289 228 206 141 130 128 166 151 89 108 16 23 4 0 0 0 0 0 0 0 0 0 0 0 0 0 0 0 0 0 0 0 0 0 0 0 0 0 0 0 0 0 0 0 0 0 0 0 0 0 0 0 0 0 0 0 0 0 0 0 0 0 0 0 0 0 0 0 0 0 0 0 0 0 0 0 0 0 0 0 0 0 0 0 0 
504 502 429 469 514 546 522 540 538 622 667 566 593 627 704 619 608 566 439 486 544 623 692 695 777 757 776 854 788 833 779 678 735 705 747 783 903 825 805 775 671 627 605 397 506 578 392 447 348 400 445 502 428 455 423 386 313 243 114 75 60 55 57 54 81 156 78 103 176 116 187 273 203 183 122 105 104 133 77 211 311 282 318 365 391 341 329 311 290 294 256 192 121 304 153 170 174 194 287 308 419 
531 436 271 254 400 423 441 464 567 559 499 478 434 545 398 383 485 447 302 322 344 415 348 358 363 288 315 313 233 208 203 228 211 135 125 108 41 5 9 0 0 0 0 0 0 0 0 0 0 0 0 0 0 0 0 0 0 0 0 0 0 0 0 0 0 0 0 0 0 0 0 0 0 0 0 0 0 0 0 0 0 0 0 0 0 0 0 0 0 0 0 0 0 0 0 0 0 0 0 0 0 
514 505 366 380 293 248 157 110 68 96 165 142 187 139 171 140 144 245 378 335 351 377 393 557 566 611 571 414 407 414 490 398 329 301 274 284 346 288 243 181 161 141 146 122 148 68 149 175 155 263 256 223 345 365 381 350 286 267 271 233 220 233 206 123 83 114 125 157 126 70 71 45 37 71 50 127 294 177 199 76 45 47 71 118 92 57 24 4 17 44 66 98 174 136 49 42 65 5 0 0 0 
509 511 481 537 541 473 503 438 466 519 455 369 441 486 516 494 489 612 654 591 597 594 754 826 754 778 839 918 854 849 845 908 934 933 976 1000 1000 1000 1000 1000 1000 1000 1000 1000 1000 1000 1000 1000 1000 1000 1000 1000 1000 1000 1000 1000 1000 1000 1000 1000 1000 1000 1000 1000 1000 1000 1000 1000 1000 1000 1000 1000 1000 1000 1000 1000 1000 1000 1000 1000 1000 1000 1000 1000 1000 1000 1000 1000 1000 1000 1000 1000 1000 1000 1000 1000 1000 1000 1000 1000 1000 
513 611 521 517 633 669 666 635 723 646 587 566 499 321 310 219 282 358 424 359 389 435 428 403 405 389 446 574 550 536 410 393 270 218 227 210 260 304 211 197 269 332 335 272 234 269 294 277 269 299 380 461 482 488 410 220 229 241 119 152 42 69 57 64 102 103 162 225 508 502 456 348 304 344 438 360 402 437 488 592 643 605 589 522 616 593 565 556 552 449 413 394 398 288 275 173 214 142 246 156 123 
484 438 330 346 397 459 454 566 557 593 517 536 579 621 620 695 615 677 668 813 696 741 637 570 554 531 609 556 586 721 740 724 645 568 440 489 392 389 452 597 642 593 491 555 533 591 550 573 593 637 607 622 654 621 651 714 730 817 842 760 786 810 755 712 562 526 555 597 550 700 644 653 662 651 642 646 708 889 771 689 719 782 753 767 818 798 750 786 701 812 714 642 620 700 774 888 874 838 876 883 941 
503 498 491 469 463 516 509 373 556 581 668 703 740 684 720 708 766 827 927 899 828 823 834 901 920 931 932 943 931 931 976 980 960 953 966 975 924 946 920 896 949 940 964 970 989 972 964 979 992 983 979 933 950 984 991 1000 1000 1000 1000 1000 1000 1000 1000 1000 1000 1000 1000 1000 1000 1000 1000 1000 1000 1000 1000 1000 1000 1000 1000 1000 1000 1000 1000 1000 1000 1000 1000 1000 1000 1000 1000 1000 1000 1000 1000 1000 1000 1000 1000 1000 1000 
491 602 608 610 725 670 711 769 833 872 848 861 800 792 862 798 843 841 772 734 628 706 618 649 740 820 855 915 894 949 964 931 921 907 919 859 882 921 910 895 876 874 825 801 806 820 810 721 829 838 882 920 993 1000 1000 1000 1000 1000 1000 1000 1000 1000 1000 1000 1000 1000 1000 1000 1000 1000 1000 1000 1000 1000 1000 1000 1000 1000 1000 1000 1000 1000 1000 1000 1000 1000 1000 1000 1000 1000 1000 1000 1000 1000 1000 1000 1000 1000 1000 1000 1000 
497 437 426 406 400 290 317 304 229 181 188 256 397 280 220 214 279 248 200 170 187 217 225 273 334 404 390 370 405 371 251 280 255 284 305 373 429 342 361 454 464 449 504 367 348 390 428 366 348 362 343 457 397 410 479 492 495 470 405 456 426 503 448 391 363 358 462 478 468 443 475 458 575 513 601 394 476 421 410 406 443 269 276 273 273 227 261 282 219 252 218 287 343 350 386 389 326 283 312 232 292 
504 564 415 408 366 303 384 276 223 281 266 270 257 292 240 269 303 241 226 276 332 197 155 159 199 230 142 131 214 220 253 310 318 322 373 444 462 524 597 569 725 873 885 879 930 978 1000 1000 1000 1000 1000 1000 1000 1000 1000 1000 1000 1000 1000 1000 1000 1000 1000 1000 1000 1000 1000 1000 1000 1000 1000 1000 1000 1000 1000 1000 1000 1000 1000 1000 1000 1000 1000 1000 1000 1000 1000 1000 1000 1000 1000 1000 1000 1000 1000 1000 1000 1000 1000 1000 1000 
506 519 613 618 750 758 791 741 785 816 781 761 745 823 730 640 585 552 529 554 500 428 433 387 393 497 506 580 517 507 542 511 571 634 672 476 400 503 460 453 453 491 439 522 435 484 540 397 466 450 365 374 408 346 187 213 226 291 277 224 223 265 337 420 323 270 214 155 258 192 102 87 123 180 135 139 219 334 317 478 443 384 415 352 217 165 132 188 307 252 174 110 162 148 167 86 96 114 100 137 142 
498 577 543 577 637 606 529 302 243 406 382 458 359 369 363 347 344 393 441 404 463 417 443 407 407 348 309 392 423 451 483 512 458 309 396 361 343 282 180 210 209 335 342 446 539 503 552 593 757 866 904 839 860 842 838 814 831 826 849 765 780 805 786 771 874 961 996 1000 1000 1000 1000 1000 1000 1000 1000 1000 1000 1000 1000 1000 1000 1000 1000 1000 1000 1000 1000 1000 1000 1000 1000 1000 1000 1000 1000 1000 1000 1000 1000 1000 1000 
491 490 543 494 455 563 460 524 478 367 439 346 298 361 445 482 627 519 529 594 529 572 555 765 765 775 610 672 609 481 583 623 734 756 851 914 947 956 983 958 891 864 718 802 742 698 646 653 691 844 904 856 918 951 915 868 902 874 879 934 985 995 993 998 1000 1000 1000 1000 1000 1000 1000 1000 1000 1000 1000 1000 1000 1000 1000 1000 1000 1000 1000 1000 1000 1000 1000 1000 1000 1000 1000 1000 1000 1000 1000 1000 1000 1000 1000 1000 1000 
526 501 555 542 584 549 501 384 412 340 379 368 421 387 412 425 432 331 268 234 173 70 134 253 218 279 278 117 0 0 0 0 0 0 0 0 0 0 0 0 0 0 0 0 0 0 0 0 0 0 0 0 0 0 0 0 0 0 0 0 0 0 0 0 0 0 0 0 0 0 0 0 0 0 0 0 0 0 0 0 0 0 0 0 0 0 0 0 0 0 0 0 0 0 0 0 0 0 0 0 0 
495 649 764 756 750 732 788 902 890 906 875 903 967 983 993 1000 1000 1000 1000 1000 1000 1000 1000 1000 1000 1000 1000 1000 1000 1000 1000 1000 1000 1000 1000 1000 1000 1000 1000 1000 1000 1000 1000 1000 1000 1000 1000 1000 1000 1000 1000 1000 1000 1000 1000 1000 1000 1000 1000 1000 1000 1000 1000 1000 1000 1000 1000 1000 1000 1000 1000 1000 1000 1000 1000 1000 1000 1000 1000 1000 1000 1000 1000 1000 1000 1000 1000 1000 1000 1000 1000 1000 1000 1000 1000 1000 1000 1000 1000 1000 1000 
510 597 583 537 620 590 620 653 638 773 858 872 853 888 943 984 997 1000 1000 1000 1000 1000 1000 1000 1000 1000 1000 1000 1000 1000 1000 1000 1000 1000 1000 1000 1000 1000 1000 1000 1000 1000 1000 1000 1000 1000 1000 1000 1000 1000 1000 1000 1000 1000 1000 1000 1000 1000 1000 1000 1000 1000 1000 1000 1000 1000 1000 1000 1000 1000 1000 1000 1000 1000 1000 1000 1000 1000 1000 1000 1000 1000 1000 1000 1000 1000 1000 1000 1000 1000 1000 1000 1000 1000 1000 1000 1000 1000 1000 1000 1000 
