498 820 930 948 950 964 981 977 983 980 981 990 994 989 990 995 997 996 996 997 988 995 995 993 995 995 995 994 996 993 995 996 997 989 996 995 993 991 996 996 997 992 995 994 994 998 995 989 993 997 994 994 993 993 989 994 994 996 991 993 991 992 991 988 992 994 995 995 994 990 992 999 997 990 998 996 996 991 996 992 991 994 993 994 992 997 994 994 997 995 996 996 995 998 997 994 997 997 994 992 992 
514 840 920 947 954 964 972 973 968 980 984 985 996 992 991 992 992 993 995 989 991 994 995 991 996 994 992 992 993 993 994 994 991 998 991 993 996 993 994 996 992 994 993 998 994 994 995 990 994 991 996 997 995 997 994 994 998 994 995 990 992 997 995 993 996 999 994 994 993 992 992 997 996 997 996 997 991 993 997 996 992 995 991 996 995 995 994 993 999 995 994 998 995 993 994 991 992 992 993 996 993 
480 474 278 144 106 96 70 62 50 51 44 42 34 31 39 29 24 25 16 14 11 13 11 12 8 10 10 7 6 6 4 8 8 12 4 9 9 8 7 5 4 6 7 3 5 5 8 10 8 11 7 6 4 6 6 8 5 5 3 10 7 7 9 10 10 4 8 4 6 5 9 3 7 4 3 6 5 4 5 2 5 6 2 6 6 4 8 8 2 6 3 6 7 6 5 2 5 6 6 9 12 
514 656 867 912 949 949 960 967 970 974 985 981 984 982 985 989 991 993 994 994 989 992 992 989 994 986 993 995 993 992 999 990 995 995 994 992 992 994 998 994 993 992 997 995 993 995 993 995 997 993 992 997 993 993 996 995 996 997 992 994 993 991 994 996 990 991 994 992 996 995 990 991 990 998 998 992 995 997 996 996 995 991 994 994 994 991 993 995 995 991 990 986 993 994 996 989 993 996 992 994 992 
494 733 899 927 957 953 962 957 971 971 976 982 987 991 989 987 988 992 991 990 993 993 993 995 995 992 995 995 990 995 989 994 992 994 988 996 993 995 992 990 994 994 987 995 991 991 997 993 989 993 998 994 989 993 993 998 996 992 995 993 995 991 993 993 990 993 995 996 993 997 993 997 999 997 993 994 996 997 995 996 994 995 996 991 993 995 994 997 995 993 996 996 992 990 992 995 994 995 991 993 994 
487 480 451 329 218 159 134 118 107 92 86 80 57 37 37 38 36 36 25 26 15 25 20 16 10 18 8 14 5 7 5 5 8 7 8 8 4 3 7 6 6 10 11 4 6 10 7 5 8 7 3 5 3 3 9 10 6 7 6 4 6 5 5 8 5 7 8 5 5 8 1 7 7 6 5 6 5 6 9 7 9 4 5 4 1 7 3 11 8 3 6 5 6 4 3 11 5 4 4 9 7 
492 540 750 865 908 927 926 940 959 938 954 958 961 970 983 981 987 989 983 984 986 982 977 984 991 988 994 992 991 992 993 996 994 993 994 994 994 996 994 994 989 993 993 994 991 991 996 991 995 992 996 991 992 994 994 994 994 998 992 994 993 995 989 991 992 991 992 993 992 991 988 993 996 993 998 992 997 990 996 994 996 994 988 989 990 993 993 996 995 990 995 994 995 994 995 994 996 995 994 992 998 
508 752 891 934 954 959 967 964 975 971 977 978 981 985 989 989 993 991 993 996 995 993 993 998 995 994 992 994 996 998 992 997 997 992 994 995 995 994 993 994 1000 992 996 994 990 997 994 999 995 996 997 992 995 990 992 994 999 988 997 989 998 993 995 995 991 991 992 992 998 991 994 996 993 993 992 995 996 997 998 995 998 993 993 995 993 989 998 996 995 992 996 991 992 998 995 995 994 991 999 994 997 
516 578 810 897 915 922 942 964 972 970 973 977 976 985 985 992 991 992 992 992 996 988 988 993 992 986 990 992 994 992 996 995 987 990 997 985 995 993 995 996 996 992 996 998 991 994 993 995 992 991 992 992 991 997 993 995 994 994 992 994 990 998 996 998 996 990 995 991 990 996 995 995 997 996 994 997 997 999 992 990 998 995 998 997 991 989 993 989 992 993 992 992 997 995 994 997 991 995 993 993 994 
481 334 102 65 60 48 41 21 26 27 16 13 13 11 14 16 12 20 2 9 6 8 9 10 5 7 9 6 5 16 8 3 3 4 8 8 8 2 3 6 7 5 6 5 5 8 0 5 5 7 8 8 3 6 6 5 8 3 7 6 12 7 5 8 12 6 7 4 5 5 8 4 6 4 10 3 6 5 3 5 7 2 7 4 5 6 7 5 4 7 7 6 7 11 7 9 4 9 8 5 6 
519 773 904 941 955 974 975 978 977 959 975 976 980 987 985 993 994 988 989 989 988 993 989 993 990 990 993 985 987 993 993 992 995 993 995 991 998 995 995 994 994 991 990 995 994 994 998 992 993 997 993 991 993 997 998 991 993 991 995 995 998 991 995 996 994 994 993 993 993 993 995 993 992 995 994 997 988 991 997 993 991 994 993 990 996 995 993 997 994 992 991 994 993 993 992 995 993 996 992 994 992 
504 553 758 852 878 925 937 957 953 950 973 973 977 975 976 980 978 971 983 978 989 987 988 987 991 995 993 996 995 998 995 996 988 992 993 992 993 994 993 991 996 993 996 993 994 995 995 989 994 995 992 993 993 990 993 992 994 989 995 991 993 993 996 992 991 990 994 993 996 998 998 989 994 996 997 995 996 994 993 991 996 991 992 991 990 997 993 990 996 995 993 996 995 994 993 994 991 995 994 991 995 
506 537 758 842 893 908 921 927 949 964 958 956 956 977 983 987 982 985 989 984 990 985 990 984 989 990 995 984 994 993 991 994 992 996 994 993 995 992 994 996 998 995 991 990 990 993 993 991 993 991 995 994 992 996 993 990 997 995 998 996 991 990 993 996 990 998 993 994 995 992 995 996 996 991 997 992 994 991 991 993 994 999 987 997 993 997 991 993 993 993 992 995 995 993 994 992 994 994 994 994 993 
495 626 857 910 920 963 955 959 958 970 978 974 975 985 984 988 991 990 994 992 994 994 992 990 993 992 993 992 992 999 997 994 994 992 993 997 995 998 992 995 995 995 997 995 994 999 996 997 993 997 997 995 995 996 995 997 986 994 992 997 994 993 992 996 996 995 998 997 995 994 997 993 997 998 995 998 995 995 994 995 994 996 994 993 996 993 986 992 993 994 992 995 994 996 995 999 994 989 996 992 991 
502 731 894 939 949 946 955 962 968 962 976 980 979 984 991 988 992 992 991 995 993 992 993 989 994 991 994 991 992 997 993 990 995 993 995 990 996 993 997 993 998 993 996 990 988 992 995 993 993 1000 998 996 995 992 994 992 995 990 998 995 988 999 992 992 998 992 992 997 994 993 998 994 996 996 994 990 995 993 991 991 989 995 995 998 993 993 996 998 994 995 994 986 996 994 997 995 989 998 986 993 990 
508 376 165 93 62 69 40 39 26 32 32 29 28 30 19 20 16 10 11 15 11 7 8 3 8 7 5 8 3 6 3 5 11 3 8 9 10 5 9 5 5 2 6 7 6 6 4 9 10 4 8 9 8 4 5 8 6 6 7 8 10 8 5 3 11 7 8 3 8 7 4 7 8 2 5 6 4 8 4 5 10 3 7 11 6 6 10 7 4 3 8 11 8 9 3 4 7 4 2 3 6 
515 758 909 938 950 955 962 967 963 978 977 979 984 985 984 994 993 991 996 991 991 986 992 994 994 991 991 994 992 992 995 992 996 993 997 998 995 991 994 993 995 992 992 996 994 996 993 992 997 998 997 989 993 992 989 992 999 993 995 997 993 997 991 998 997 993 991 994 994 992 992 992 996 996 997 993 993 992 990 995 994 996 994 992 994 997 992 989 995 993 997 994 993 997 996 992 994 990 996 993 992 
482 205 89 76 50 53 31 30 23 25 16 13 13 12 9 12 4 11 9 7 5 8 12 5 7 8 6 7 7 2 6 6 5 6 4 7 7 9 9 6 5 4 2 6 3 7 7 7 5 6 10 5 7 19 3 6 7 4 4 4 3 8 5 3 5 10 7 8 4 7 6 7 4 3 8 2 5 7 6 4 6 8 3 2 5 7 6 3 5 7 7 9 7 4 8 6 5 6 5 6 8 
494 805 935 943 958 960 969 977 977 982 986 990 989 986 989 991 991 993 989 992 998 994 993 993 990 995 996 994 989 995 989 992 993 996 995 998 991 996 995 994 993 996 999 994 990 996 995 994 997 993 996 996 995 994 998 991 995 993 996 996 994 998 989 996 997 993 991 990 993 998 993 992 998 997 995 994 992 997 989 996 994 996 995 996 996 995 995 993 991 995 996 995 991 993 993 996 995 997 998 995 989 
510 737 877 906 943 952 962 960 975 978 986 977 983 990 985 992 989 992 994 996 999 993 994 995 991 995 997 993 988 997 995 993 995 995 991 995 993 996 991 991 993 993 992 992 994 996 995 992 995 993 997 998 990 994 991 995 994 992 996 996 998 993 994 991 994 993 996 996 996 994 996 995 998 995 996 995 994 994 993 992 997 992 992 994 995 996 996 994 988 993 988 993 996 993 996 994 997 993 998 995 994 
