517 423 464 410 332 350 385 396 443 520 501 389 342 401 474 491 334 285 232 329 443 489 583 545 417 391 391 314 299 379 403 350 298 188 234 132 135 130 65 22 1 0 0 0 0 0 0 0 0 0 0 0 0 0 0 0 0 0 0 0 0 0 0 0 0 0 0 0 0 0 0 0 0 0 0 0 0 0 0 0 0 0 0 0 0 0 0 0 0 0 0 0 0 0 0 0 0 0 0 0 0 
509 436 504 457 483 364 353 306 289 235 207 204 219 243 209 218 209 235 370 416 334 346 462 595 648 662 720 672 615 500 484 504 411 430 405 469 347 361 439 479 594 657 682 668 592 732 615 518 452 362 283 301 288 237 352 216 265 270 316 401 373 319 302 340 350 307 341 282 343 337 354 350 377 379 237 226 112 135 97 83 49 75 121 181 285 349 366 329 387 394 415 526 396 392 301 365 349 297 274 207 249 
517 550 397 273 434 338 317 275 264 235 252 320 459 407 477 490 569 620 513 522 479 355 174 121 132 76 93 76 53 30 27 8 0 0 0 0 0 0 0 0 0 0 0 0 0 0 0 0 0 0 0 0 0 0 0 0 0 0 0 0 0 0 0 0 0 0 0 0 0 0 0 0 0 0 0 0 0 0 0 0 0 0 0 0 0 0 0 0 0 0 0 0 0 0 0 0 0 0 0 0 0 
495 635 689 640 720 705 661 640 605 686 737 710 783 740 747 837 852 882 875 913 899 925 801 742 749 719 723 742 882 930 879 921 924 958 928 978 959 977 981 997 1000 1000 1000 1000 1000 1000 1000 1000 1000 1000 1000 1000 1000 1000 1000 1000 1000 1000 1000 1000 1000 1000 1000 1000 1000 1000 1000 1000 1000 1000 1000 1000 1000 1000 1000 1000 1000 1000 1000 1000 1000 1000 1000 1000 1000 1000 1000 1000 1000 1000 1000 1000 1000 1000 1000 1000 1000 1000 1000 1000 1000 
502 618 530 434 492 388 431 422 397 358 372 456 531 514 491 560 560 576 566 501 645 493 488 530 550 512 363 309 427 410 431 447 561 644 576 538 572 678 729 667 710 671 720 835 809 773 674 610 647 616 483 476 441 378 296 247 116 166 187 173 191 149 87 109 84 5 0 0 0 0 0 0 0 0 0 0 0 0 0 0 0 0 0 0 0 0 0 0 0 0 0 0 0 0 0 0 0 0 0 0 0 
510 543 367 329 338 321 303 412 416 446 550 557 454 469 504 644 530 588 604 589 592 648 652 587 535 496 529 399 314 465 437 370 423 270 356 408 395 384 421 424 415 496 457 457 477 433 446 468 383 385 396 354 319 551 643 627 654 605 629 543 606 588 541 423 423 450 465 342 338 371 386 443 450 525 511 452 439 539 437 370 356 366 300 286 227 184 186 225 261 239 154 122 122 171 377 269 184 102 180 210 283 
479 481 470 567 474 409 317 410 337 242 306 242 125 127 72 86 134 186 211 130 208 187 143 140 184 223 83 42 6 12 0 0 0 0 0 0 0 0 0 0 0 0 0 0 0 0 0 0 0 0 0 0 0 0 0 0 0 0 0 0 0 0 0 0 0 0 0 0 0 0 0 0 0 0 0 0 0 0 0 0 0 0 0 0 0 0 0 0 0 0 0 0 0 0 0 0 0 0 0 0 0 
492 522 461 541 428 474 440 487 498 427 328 395 391 348 380 283 239 279 295 334 406 336 297 351 258 228 194 247 265 205 205 188 147 113 83 83 163 80 105 75 75 101 31 19 52 54 0 0 0 0 0 0 0 0 0 0 0 0 0 0 0 0 0 0 0 0 0 0 0 0 0 0 0 0 0 0 0 0 0 0 0 0 0 0 0 0 0 0 0 0 0 0 0 0 0 0 0 0 0 0 0 
511 510 484 362 381 364 245 231 328 339 444 415 326 296 302 362 294 418 437 472 476 406 406 427 443 465 513 646 640 720 725 741 783 794 733 751 819 814 894 863 769 873 898 887 955 906 945 994 1000 1000 1000 1000 1000 1000 1000 1000 1000 1000 1000 1000 1000 1000 1000 1000 1000 1000 1000 1000 1000 1000 1000 1000 1000 1000 1000 1000 1000 1000 1000 1000 1000 1000 1000 1000 1000 1000 1000 1000 1000 1000 1000 1000 1000 1000 1000 1000 1000 1000 1000 1000 1000 
503 456 513 636 661 686 750 785 720 657 618 735 756 805 778 779 583 535 596 569 589 700 796 686 651 774 756 792 716 718 657 579 542 547 681 604 654 634 680 644 569 660 694 747 819 731 624 703 692 785 769 705 703 802 795 771 738 761 692 683 623 561 587 628 613 646 517 548 646 655 653 571 493 386 374 375 358 447 416 502 381 385 491 454 283 364 383 342 363 566 621 648 598 669 542 616 598 579 547 494 514 
517 551 418 384 476 428 393 404 378 333 387 428 451 522 634 783 587 637 706 677 651 587 589 535 506 456 473 556 515 589 522 584 555 623 687 574 656 695 703 745 614 625 719 689 673 586 638 557 547 644 605 555 576 643 808 779 862 880 865 781 735 695 797 787 761 777 767 659 695 660 562 481 454 345 416 520 517 338 204 184 236 265 266 262 276 294 431 451 414 335 417 378 399 400 513 412 451 351 430 587 518 
491 471 542 576 605 657 501 444 667 656 607 508 469 410 477 585 695 635 630 639 401 361 348 381 367 397 337 445 484 539 634 814 757 713 650 604 600 399 319 313 390 363 319 299 317 284 226 367 392 337 359 363 237 199 93 84 30 36 42 36 64 18 63 122 148 64 22 11 0 0 0 0 0 0 0 0 0 0 0 0 0 0 0 0 0 0 0 0 0 0 0 0 0 0 0 0 0 0 0 0 0 
497 598 518 660 705 681 566 460 458 481 565 502 438 462 509 614 726 710 814 748 634 651 643 650 486 460 474 424 265 260 150 100 100 94 78 68 80 65 94 88 29 41 11 32 26 0 0 0 0 0 0 0 0 0 0 0 0 0 0 0 0 0 0 0 0 0 0 0 0 0 0 0 0 0 0 0 0 0 0 0 0 0 0 0 0 0 0 0 0 0 0 0 0 0 0 0 0 0 0 0 0 
508 609 533 595 647 648 773 779 847 800 821 794 732 685 796 863 859 822 810 686 622 699 602 469 515 601 651 673 622 591 632 756 792 723 701 696 660 610 503 426 430 300 366 304 296 298 226 221 193 333 427 279 286 344 310 196 120 152 104 66 80 135 131 184 112 70 39 4 0 0 0 0 0 0 0 0 0 0 0 0 0 0 0 0 0 0 0 0 0 0 0 0 0 0 0 0 0 0 0 0 0 
526 506 508 520 640 616 693 556 641 656 716 586 686 635 521 397 332 383 512 533 513 458 483 543 511 492 584 508 455 495 465 524 452 323 282 332 391 456 540 531 520 554 503 482 463 554 499 647 658 565 518 498 508 553 487 582 657 573 521 443 645 597 620 590 637 569 598 544 633 680 817 793 859 828 756 677 677 654 683 641 741 779 761 691 704 698 579 523 540 458 491 521 462 560 489 474 410 364 382 292 428 
518 531 511 507 543 542 630 601 681 721 845 857 779 780 704 662 618 599 474 487 570 579 488 339 347 424 373 273 346 447 465 607 525 457 289 348 385 495 419 411 442 423 317 264 202 276 270 360 347 378 329 398 324 346 363 287 312 237 169 332 253 276 235 300 426 372 338 354 316 336 214 184 115 40 6 0 0 0 0 0 0 0 0 0 0 0 0 0 0 0 0 0 0 0 0 0 0 0 0 0 0 
487 391 357 351 392 317 255 280 343 401 413 360 596 641 689 759 720 738 796 847 897 848 815 832 820 817 775 820 801 742 685 577 494 573 488 298 224 266 204 276 202 213 107 103 40 34 40 76 32 51 45 107 127 146 153 195 185 183 137 87 79 159 224 221 286 298 278 341 420 449 504 509 515 600 660 703 726 777 744 710 626 593 568 518 394 410 417 434 337 367 245 336 252 177 94 95 133 130 114 153 190 
486 537 525 498 496 484 596 680 649 630 570 565 666 678 664 603 735 684 756 757 730 749 853 933 939 935 951 889 948 974 980 972 956 976 940 928 863 784 838 730 766 663 741 840 773 699 715 724 830 840 814 841 907 923 966 978 1000 1000 1000 1000 1000 1000 1000 1000 1000 1000 1000 1000 1000 1000 1000 1000 1000 1000 1000 1000 1000 1000 1000 1000 1000 1000 1000 1000 1000 1000 1000 1000 1000 1000 1000 1000 1000 1000 1000 1000 1000 1000 1000 1000 1000 
517 581 509 548 393 347 293 288 289 304 231 269 163 94 101 168 209 276 342 339 313 346 256 311 213 261 306 276 303 337 343 416 370 315 294 151 71 72 61 78 43 104 125 84 133 112 30 50 137 222 247 147 94 113 51 64 24 0 0 0 0 0 0 0 0 0 0 0 0 0 0 0 0 0 0 0 0 0 0 0 0 0 0 0 0 0 0 0 0 0 0 0 0 0 0 0 0 0 0 0 0 
477 545 686 745 789 792 699 664 643 663 775 785 671 710 699 650 638 644 590 488 509 564 526 557 446 402 339 244 202 194 201 196 265 260 331 440 571 665 788 716 743 812 869 897 937 906 947 985 1000 1000 1000 1000 1000 1000 1000 1000 1000 1000 1000 1000 1000 1000 1000 1000 1000 1000 1000 1000 1000 1000 1000 1000 1000 1000 1000 1000 1000 1000 1000 1000 1000 1000 1000 1000 1000 1000 1000 1000 1000 1000 1000 1000 1000 1000 1000 1000 1000 1000 1000 1000 1000 
