493 515 577 594 641 684 693 662 691 745 682 609 568 593 804 686 739 734 835 850 720 761 746 670 520 605 515 423 292 392 377 429 339 389 364 463 475 362 322 311 343 309 335 320 347 351 277 264 143 174 149 110 52 13 26 2 0 0 0 0 0 0 0 0 0 0 0 0 0 0 0 0 0 0 0 0 0 0 0 0 0 0 0 0 0 0 0 0 0 0 0 0 0 0 0 0 0 0 0 0 0 
502 645 485 528 556 570 455 533 562 486 417 323 299 379 351 465 479 552 528 647 670 533 482 437 458 462 527 555 634 579 613 637 604 633 604 611 696 760 793 823 910 950 993 993 990 976 971 1000 1000 1000 1000 1000 1000 1000 1000 1000 1000 1000 1000 1000 1000 1000 1000 1000 1000 1000 1000 1000 1000 1000 1000 1000 1000 1000 1000 1000 1000 1000 1000 1000 1000 1000 1000 1000 1000 1000 1000 1000 1000 1000 1000 1000 1000 1000 1000 1000 1000 1000 1000 1000 1000 
487 440 447 354 395 257 349 427 462 541 475 400 486 494 365 381 522 579 494 483 496 384 525 494 534 555 489 508 572 678 631 589 716 793 768 823 723 633 552 489 596 588 476 557 552 521 631 750 709 658 683 574 506 484 429 339 274 265 243 258 331 286 213 315 364 383 246 340 294 338 343 315 295 336 327 330 383 401 426 302 308 316 338 229 278 266 248 289 356 313 216 215 246 245 193 236 142 113 128 192 176 
520 578 497 524 570 492 548 579 605 656 655 476 470 473 399 570 562 435 455 445 496 454 260 263 248 207 162 146 87 64 5 0 0 0 0 0 0 0 0 0 0 0 0 0 0 0 0 0 0 0 0 0 0 0 0 0 0 0 0 0 0 0 0 0 0 0 0 0 0 0 0 0 0 0 0 0 0 0 0 0 0 0 0 0 0 0 0 0 0 0 0 0 0 0 0 0 0 0 0 0 0 
479 536 564 556 438 275 179 221 180 154 160 202 129 160 114 106 78 118 93 27 22 99 102 62 26 45 0 0 0 0 0 0 0 0 0 0 0 0 0 0 0 0 0 0 0 0 0 0 0 0 0 0 0 0 0 0 0 0 0 0 0 0 0 0 0 0 0 0 0 0 0 0 0 0 0 0 0 0 0 0 0 0 0 0 0 0 0 0 0 0 0 0 0 0 0 0 0 0 0 0 0 
508 496 522 509 549 478 447 321 300 199 168 143 115 67 115 97 120 86 94 218 269 376 388 378 438 436 467 379 313 492 524 366 422 446 409 388 355 256 352 202 125 125 109 83 41 15 19 0 0 0 0 0 0 0 0 0 0 0 0 0 0 0 0 0 0 0 0 0 0 0 0 0 0 0 0 0 0 0 0 0 0 0 0 0 0 0 0 0 0 0 0 0 0 0 0 0 0 0 0 0 0 
504 493 518 417 372 487 468 476 460 498 367 462 397 395 298 224 280 270 367 226 184 220 162 266 338 285 228 238 147 186 201 266 429 450 402 329 395 480 477 475 505 558 581 650 561 541 643 623 640 667 680 766 816 843 798 800 863 773 689 739 719 685 739 784 773 744 604 663 673 739 697 745 746 766 853 914 916 860 851 771 713 853 802 894 899 979 938 910 773 880 897 866 877 857 927 914 927 970 956 879 874 
530 564 591 508 594 641 792 853 892 889 913 954 965 970 961 980 989 989 1000 1000 1000 1000 1000 1000 1000 1000 1000 1000 1000 1000 1000 1000 1000 1000 1000 1000 1000 1000 1000 1000 1000 1000 1000 1000 1000 1000 1000 1000 1000 1000 1000 1000 1000 1000 1000 1000 1000 1000 1000 1000 1000 1000 1000 1000 1000 1000 1000 1000 1000 1000 1000 1000 1000 1000 1000 1000 1000 1000 1000 1000 1000 1000 1000 1000 1000 1000 1000 1000 1000 1000 1000 1000 1000 1000 1000 1000 1000 1000 1000 1000 1000 
503 527 553 433 464 512 504 490 493 392 511 528 642 641 564 500 500 529 552 479 528 519 448 451 393 367 394 307 272 304 448 401 454 492 405 373 283 253 318 298 271 207 244 116 77 123 153 134 123 184 112 59 88 52 26 47 102 99 97 97 131 172 95 134 236 233 307 292 215 269 213 220 210 349 459 363 352 398 424 372 395 389 307 277 248 244 286 201 107 57 14 2 0 0 0 0 0 0 0 0 0 
491 501 586 598 449 621 636 564 511 600 495 494 442 403 401 592 568 566 535 505 484 465 424 336 277 207 152 225 185 209 255 223 191 139 160 211 100 150 102 94 31 76 45 53 49 75 63 16 25 0 0 0 0 0 0 0 0 0 0 0 0 0 0 0 0 0 0 0 0 0 0 0 0 0 0 0 0 0 0 0 0 0 0 0 0 0 0 0 0 0 0 0 0 0 0 0 0 0 0 0 0 
510 465 532 485 564 479 423 401 534 412 397 262 242 267 255 314 309 203 321 287 201 133 126 118 158 98 43 35 45 74 92 79 43 48 20 26 3 6 0 0 0 0 0 0 0 0 0 0 0 0 0 0 0 0 0 0 0 0 0 0 0 0 0 0 0 0 0 0 0 0 0 0 0 0 0 0 0 0 0 0 0 0 0 0 0 0 0 0 0 0 0 0 0 0 0 0 0 0 0 0 0 
470 323 264 499 610 605 705 776 870 778 795 679 837 779 687 733 823 790 788 937 976 982 950 978 947 958 957 977 960 972 936 961 929 921 903 930 997 1000 1000 1000 1000 1000 1000 1000 1000 1000 1000 1000 1000 1000 1000 1000 1000 1000 1000 1000 1000 1000 1000 1000 1000 1000 1000 1000 1000 1000 1000 1000 1000 1000 1000 1000 1000 1000 1000 1000 1000 1000 1000 1000 1000 1000 1000 1000 1000 1000 1000 1000 1000 1000 1000 1000 1000 1000 1000 1000 1000 1000 1000 1000 1000 
506 443 537 481 494 518 456 328 333 285 270 245 171 114 87 59 53 15 0 0 0 0 0 0 0 0 0 0 0 0 0 0 0 0 0 0 0 0 0 0 0 0 0 0 0 0 0 0 0 0 0 0 0 0 0 0 0 0 0 0 0 0 0 0 0 0 0 0 0 0 0 0 0 0 0 0 0 0 0 0 0 0 0 0 0 0 0 0 0 0 0 0 0 0 0 0 0 0 0 0 0 
485 493 344 365 339 325 436 437 313 314 262 207 168 221 274 238 283 307 383 401 399 336 266 359 456 457 409 359 426 395 456 546 503 382 440 336 385 451 381 454 487 288 320 334 336 404 428 534 587 638 813 727 642 615 609 640 725 737 847 824 893 880 898 901 911 958 986 979 939 914 962 951 943 945 874 878 785 815 813 793 682 655 677 660 677 755 802 755 786 750 722 745 772 837 808 805 682 689 610 569 710 
524 479 484 466 418 482 606 758 880 913 950 968 994 1000 1000 1000 1000 1000 1000 1000 1000 1000 1000 1000 1000 1000 1000 1000 1000 1000 1000 1000 1000 1000 1000 1000 1000 1000 1000 1000 1000 1000 1000 1000 1000 1000 1000 1000 1000 1000 1000 1000 1000 1000 1000 1000 1000 1000 1000 1000 1000 1000 1000 1000 1000 1000 1000 1000 1000 1000 1000 1000 1000 1000 1000 1000 1000 1000 1000 1000 1000 1000 1000 1000 1000 1000 1000 1000 1000 1000 1000 1000 1000 1000 1000 1000 1000 1000 1000 1000 1000 
518 525 470 581 623 734 809 792 786 801 780 821 821 795 841 918 873 766 721 730 715 670 593 610 686 631 669 750 766 669 625 562 628 641 767 796 862 860 783 895 884 909 793 809 714 584 696 808 673 590 628 682 717 634 752 771 847 845 689 696 710 726 685 647 662 716 651 622 613 543 509 503 575 631 619 595 490 481 410 500 501 596 648 707 841 842 786 764 641 480 597 586 721 693 748 695 773 776 731 762 708 
512 501 506 695 637 678 756 716 722 722 720 672 637 532 550 423 439 489 534 651 632 635 559 503 433 461 500 521 514 488 443 492 626 553 503 391 427 386 303 301 329 342 432 335 289 274 263 314 358 457 311 220 308 201 187 171 177 322 283 322 355 259 240 299 456 389 511 434 453 427 522 616 705 730 832 800 771 775 719 674 700 693 690 728 660 575 674 649 673 680 708 767 711 739 740 734 727 691 782 837 739 
475 431 403 335 351 375 397 403 351 436 197 249 195 165 214 195 159 95 98 123 158 245 281 267 363 327 403 533 554 657 641 675 588 727 676 714 634 679 748 761 674 570 574 581 528 598 654 538 531 488 493 571 622 664 609 674 666 655 705 740 737 820 904 920 820 950 961 982 940 962 991 985 974 977 990 1000 1000 1000 1000 1000 1000 1000 1000 1000 1000 1000 1000 1000 1000 1000 1000 1000 1000 1000 1000 1000 1000 1000 1000 1000 1000 
501 510 451 559 489 442 421 441 434 510 579 612 664 661 728 800 737 703 723 796 807 882 904 892 898 836 869 837 811 872 904 926 962 963 999 1000 1000 1000 1000 1000 1000 1000 1000 1000 1000 1000 1000 1000 1000 1000 1000 1000 1000 1000 1000 1000 1000 1000 1000 1000 1000 1000 1000 1000 1000 1000 1000 1000 1000 1000 1000 1000 1000 1000 1000 1000 1000 1000 1000 1000 1000 1000 1000 1000 1000 1000 1000 1000 1000 1000 1000 1000 1000 1000 1000 1000 1000 1000 1000 1000 1000 
508 500 518 540 515 519 557 583 571 542 633 791 957 951 980 1000 1000 1000 1000 1000 1000 1000 1000 1000 1000 1000 1000 1000 1000 1000 1000 1000 1000 1000 1000 1000 1000 1000 1000 1000 1000 1000 1000 1000 1000 1000 1000 1000 1000 1000 1000 1000 1000 1000 1000 1000 1000 1000 1000 1000 1000 1000 1000 1000 1000 1000 1000 1000 1000 1000 1000 1000 1000 1000 1000 1000 1000 1000 1000 1000 1000 1000 1000 1000 1000 1000 1000 1000 1000 1000 1000 1000 1000 1000 1000 1000 1000 1000 1000 1000 1000 
