501 219 78 58 41 33 33 40 26 19 19 18 11 10 5 8 3 4 7 7 2 7 8 7 5 8 6 9 5 6 7 9 9 10 7 8 10 3 4 7 8 3 3 7 6 6 5 3 7 9 7 6 9 8 4 2 9 5 3 3 2 7 4 7 6 6 7 3 6 5 9 9 9 10 3 6 7 3 8 2 7 4 6 7 2 8 7 6 5 5 3 3 5 8 12 7 5 3 9 5 5 
514 295 105 93 71 53 43 39 29 29 27 21 19 16 5 5 7 7 9 7 13 10 6 3 3 8 7 1 5 9 9 7 7 8 11 8 2 5 2 5 3 6 6 4 5 6 8 7 7 9 5 6 5 8 8 4 5 5 3 9 6 8 3 8 3 9 3 8 8 3 4 10 4 3 4 5 5 8 6 5 6 5 7 2 5 5 6 4 7 5 2 9 6 6 6 6 8 5 11 6 4 
491 513 629 813 856 889 908 921 929 933 935 952 951 958 967 974 971 978 980 981 986 982 983 987 987 993 988 990 991 987 990 995 995 994 995 997 992 994 993 993 993 995 990 995 995 991 992 996 986 995 994 994 992 992 989 993 993 994 994 995 995 997 996 992 995 997 996 992 992 993 993 992 993 998 998 993 993 992 991 996 992 998 995 994 997 993 987 997 996 993 993 998 997 995 994 996 992 996 995 993 993 
507 693 888 945 956 966 971 978 970 983 981 978 978 986 985 984 993 989 986 987 986 992 994 993 991 994 987 992 998 996 994 998 990 996 993 994 992 993 996 996 995 993 994 995 992 999 993 992 996 995 996 997 992 990 994 995 995 991 993 993 994 997 994 992 994 994 991 992 995 996 996 995 986 992 995 991 996 992 996 995 991 993 995 990 993 994 998 993 995 993 998 996 997 991 995 993 994 995 994 991 996 
508 848 934 950 963 977 981 977 979 984 987 991 989 994 991 990 998 989 996 992 990 995 992 996 993 992 995 994 993 997 993 993 995 998 989 990 998 997 997 996 997 991 996 992 990 997 998 994 997 995 995 996 992 991 996 993 995 991 996 993 993 996 995 995 992 998 996 996 998 994 991 991 994 992 993 992 993 993 996 991 995 993 993 992 993 997 996 990 990 996 996 993 992 992 992 996 989 991 994 991 993 
508 468 199 124 99 72 51 48 39 34 34 30 32 24 23 17 9 13 6 6 5 12 8 11 6 8 9 11 5 3 7 10 5 11 6 8 5 4 10 9 6 5 5 6 7 3 5 7 12 4 9 5 5 8 7 3 10 5 8 9 4 6 4 6 7 5 5 7 6 2 3 4 9 5 5 4 3 6 5 4 0 2 6 3 4 4 6 7 8 7 6 7 4 9 7 7 7 5 7 3 4 
506 673 867 913 946 939 960 963 958 965 975 978 977 980 982 982 984 979 985 993 990 993 990 989 993 994 992 992 990 991 993 991 993 991 996 993 994 991 992 995 996 999 998 999 994 989 997 998 996 997 993 992 995 991 992 994 994 992 994 985 993 991 996 995 993 994 991 996 989 992 993 995 994 995 992 997 998 997 998 995 990 991 998 997 988 994 994 994 992 996 992 995 998 992 993 996 996 995 989 993 995 
499 237 86 64 52 45 36 35 19 19 16 9 15 18 10 7 11 13 8 13 7 7 12 6 3 8 5 7 5 10 6 7 3 4 6 5 5 9 10 7 4 7 4 4 5 5 8 7 4 8 3 11 5 5 3 10 5 6 4 3 9 7 6 2 6 3 7 7 6 7 6 4 4 9 7 3 4 6 7 2 8 5 5 5 2 6 8 7 5 7 5 4 5 9 6 7 8 6 6 7 6 
507 504 657 776 833 847 888 913 934 931 953 952 951 966 967 972 976 978 982 986 983 985 988 986 988 994 993 990 991 993 986 996 990 996 994 995 991 994 993 995 992 996 993 998 987 996 991 992 998 997 993 995 992 997 995 989 990 998 997 996 994 993 994 993 993 993 992 994 991 993 996 993 991 997 993 992 992 990 993 990 991 988 991 990 995 991 992 992 998 995 994 993 992 997 993 994 997 993 992 995 992 
497 669 881 915 934 946 950 957 975 974 979 984 984 979 991 994 988 997 994 990 998 993 995 992 995 990 990 994 991 992 995 992 992 995 998 993 995 995 998 994 994 996 996 994 995 995 996 996 995 999 991 993 994 994 991 993 991 991 996 998 996 992 996 996 996 990 996 996 995 991 995 995 991 993 997 991 992 993 994 998 990 991 994 995 994 995 995 996 999 997 991 994 993 992 996 996 996 994 996 990 995 
520 796 928 954 958 977 969 971 985 991 980 984 986 991 984 989 995 998 996 992 996 991 999 994 996 991 997 996 988 998 992 991 998 998 999 994 992 991 992 993 993 996 997 997 997 987 991 996 993 989 991 995 999 995 995 994 995 994 996 994 993 992 992 999 993 996 994 993 996 992 996 994 995 994 994 994 992 996 991 997 995 993 991 993 994 990 993 996 996 992 994 996 996 993 991 996 992 994 997 995 995 
489 680 886 913 929 941 954 964 958 967 976 977 979 981 982 993 987 985 994 987 991 990 992 992 991 995 994 993 992 990 994 994 993 989 996 987 998 996 993 993 995 992 994 989 996 996 994 993 996 994 996 992 997 993 994 993 991 996 996 995 991 998 992 990 994 997 992 996 996 992 993 992 995 995 993 998 998 991 995 998 993 990 994 996 996 993 994 995 996 995 996 995 992 995 995 994 992 996 991 994 997 
500 857 936 946 960 974 978 986 988 986 986 988 984 988 993 987 991 994 995 990 991 990 996 994 992 993 994 993 991 995 992 996 998 992 996 994 994 992 998 998 998 994 992 996 992 996 993 996 996 996 993 996 997 995 996 995 990 994 992 997 997 993 994 995 988 992 992 999 993 994 992 995 992 990 995 995 996 993 994 994 993 992 992 993 993 994 994 995 989 991 997 996 994 992 992 997 993 992 991 995 998 
499 532 767 858 887 901 928 933 939 954 959 972 969 970 976 977 987 986 986 980 990 992 994 999 991 995 990 994 998 989 993 993 994 990 994 996 991 996 995 998 987 991 996 990 991 996 995 995 990 994 995 997 991 996 994 992 996 997 997 995 994 997 996 989 996 996 993 993 991 995 995 990 996 995 993 992 996 994 993 992 989 995 991 996 996 994 997 995 995 994 993 998 987 995 994 997 994 993 993 992 993 
480 587 826 882 919 929 963 959 955 956 972 965 977 968 974 975 977 991 985 985 985 992 990 991 987 979 988 988 991 991 995 993 995 993 994 995 993 995 998 997 994 992 998 997 995 994 990 992 995 996 987 999 992 994 997 991 992 995 990 994 997 992 993 994 994 990 997 994 998 991 995 996 995 995 995 996 994 991 995 996 996 997 994 994 992 986 992 987 995 988 991 994 995 990 991 994 998 995 994 997 994 
512 708 892 943 954 962 965 968 972 976 979 980 979 988 984 983 992 991 997 987 992 990 990 990 996 994 993 993 994 992 991 996 993 992 994 987 996 995 996 994 993 996 992 987 996 996 994 998 991 995 993 992 996 995 1000 995 997 989 993 997 994 992 991 994 995 996 993 996 992 994 998 994 992 996 998 993 997 996 993 998 996 994 997 994 994 996 992 995 997 995 998 991 996 998 993 990 993 996 993 991 998 
508 188 71 49 40 35 31 26 25 14 13 17 13 11 13 7 12 8 13 9 6 12 8 6 6 6 3 6 12 5 5 4 6 4 2 5 7 9 6 3 2 2 9 4 8 10 6 9 7 8 3 7 6 4 6 2 3 7 9 4 3 5 8 3 10 5 6 3 3 5 12 4 5 3 8 3 3 5 4 10 4 11 5 9 2 1 8 6 3 2 7 6 3 7 4 6 5 1 6 5 5 
491 222 96 61 44 31 38 25 27 19 18 11 7 10 10 9 8 6 10 10 8 7 7 6 5 9 9 3 5 4 4 6 12 9 14 7 3 4 7 5 5 6 5 7 6 10 3 6 6 4 12 4 5 6 6 8 4 4 4 7 6 6 8 3 4 10 5 8 3 9 7 6 3 4 5 6 6 5 7 4 6 4 9 5 4 9 6 9 9 10 4 7 5 11 6 3 6 9 4 7 6 
493 287 107 66 45 55 50 38 32 21 18 20 16 13 10 9 18 9 8 8 5 10 6 6 3 7 3 5 6 8 6 8 6 7 4 5 6 7 3 3 8 12 9 2 9 8 6 7 8 6 9 9 5 6 4 4 6 10 5 9 7 10 6 7 6 5 5 7 5 8 2 3 5 7 4 2 2 0 5 8 5 7 7 10 12 3 6 6 2 3 7 6 5 2 4 4 2 7 7 6 5 
506 192 65 59 45 30 35 29 21 18 22 18 17 12 9 9 3 10 14 8 3 9 1 5 3 5 3 7 9 7 8 7 9 3 7 5 6 5 3 5 9 5 3 8 9 5 9 2 3 5 5 5 4 5 6 9 5 5 8 6 7 5 6 10 6 7 3 4 7 5 8 7 9 9 5 4 5 5 2 8 6 4 3 4 7 5 4 9 7 6 10 6 9 7 10 7 10 6 5 4 10 
