509 629 609 597 610 599 625 643 637 606 611 614 582 628 601 671 625 623 657 630 607 608 596 628 594 614 607 607 608 613 598 596 596 642 640 625 614 616 614 611 631 618 603 625 619 599 625 639 654 640 616 659 599 620 641 639 602 595 627 588 604 621 633 618 601 624 638 626 588 628 610 615 620 660 625 633 617 649 605 623 595 623 615 612 614 664 625 646 618 647 606 648 600 624 614 593 599 633 613 634 593 
521 629 625 638 608 617 619 644 624 644 599 676 610 625 625 601 615 623 659 608 622 629 603 584 657 608 637 610 602 606 630 639 592 633 599 622 591 623 603 618 628 614 619 633 628 624 616 625 628 616 600 583 610 621 611 615 606 627 639 584 641 619 620 604 584 620 598 628 603 594 612 644 613 621 672 589 613 661 599 625 626 621 603 612 625 614 634 628 594 624 581 625 620 618 651 605 600 623 642 622 623 
491 591 586 584 586 606 625 595 643 623 626 628 599 629 594 617 565 610 622 625 642 618 585 630 577 592 602 623 641 604 600 623 642 629 614 629 604 634 658 634 581 621 588 653 603 604 599 669 596 623 605 603 620 600 619 614 619 629 613 646 625 615 609 611 597 597 659 581 618 616 624 597 632 620 603 597 614 617 618 615 628 621 670 603 586 621 626 626 638 650 634 600 638 622 654 613 645 629 643 593 591 
501 626 650 599 600 607 611 667 589 628 635 634 615 629 629 635 638 642 615 596 581 571 653 598 586 628 627 624 633 615 607 594 613 597 595 635 596 645 609 607 645 626 646 610 620 587 610 586 603 625 608 607 635 665 615 609 591 601 622 623 611 625 601 598 618 617 641 614 673 633 595 579 616 598 634 616 614 612 605 641 647 601 647 606 645 597 594 611 658 617 649 608 608 639 597 595 641 641 631 612 621 
483 623 581 606 623 623 617 614 591 627 580 628 613 649 602 609 608 630 624 617 631 596 630 595 619 632 651 616 618 613 606 583 649 603 608 600 635 634 602 607 627 615 621 631 591 637 603 606 613 616 628 649 578 582 598 596 632 619 649 637 631 607 602 636 616 630 613 627 632 626 627 630 586 617 594 603 608 619 604 606 616 582 594 615 620 599 621 603 640 596 610 609 594 577 595 612 622 604 603 590 608 
501 623 621 598 616 605 595 624 618 617 606 654 592 642 641 600 630 615 632 626 592 624 615 637 624 614 605 622 620 601 607 603 599 603 596 607 661 628 603 619 629 603 638 605 609 634 651 620 606 613 642 616 625 628 646 610 627 619 592 585 588 586 626 592 583 645 595 603 670 642 621 635 646 623 630 614 635 600 618 591 615 607 597 600 649 619 628 619 644 615 632 635 647 619 597 585 623 618 653 640 615 
516 613 605 605 609 663 657 631 689 627 609 600 642 597 593 597 598 616 621 683 619 665 654 621 623 676 596 593 617 646 633 628 602 614 653 618 633 651 600 622 622 599 596 610 616 609 602 628 657 623 654 595 614 563 666 573 631 635 635 604 628 646 630 654 610 628 619 636 609 592 651 591 631 621 626 588 621 595 647 617 608 629 623 615 614 598 602 609 640 636 613 591 611 628 634 639 621 644 583 637 661 
498 617 604 644 620 659 640 594 633 630 631 652 636 625 608 602 625 601 605 650 598 579 624 655 615 591 630 614 627 649 642 602 614 599 581 634 636 615 596 640 623 638 634 614 625 627 627 586 607 620 598 615 627 619 598 651 643 584 634 621 598 620 603 600 622 596 603 632 618 610 625 619 617 600 629 607 614 604 602 619 639 611 636 610 594 638 599 624 617 642 619 619 619 624 616 604 627 592 587 592 656 
487 586 613 607 654 614 602 628 609 639 611 639 645 599 635 627 624 635 637 605 601 616 596 609 617 669 606 625 635 616 632 588 598 621 639 585 610 613 597 621 605 636 593 628 618 592 616 612 616 634 613 589 640 624 653 598 644 653 578 636 625 580 607 577 600 623 594 645 597 592 605 616 609 584 615 646 617 611 602 590 626 640 595 613 613 606 612 594 633 602 596 617 635 607 637 613 607 631 629 586 614 
504 580 613 598 637 616 612 612 671 639 624 609 626 633 609 623 616 644 608 599 623 607 593 587 630 589 627 601 629 632 627 619 631 647 589 617 609 592 615 592 634 617 647 617 607 594 623 592 651 605 619 620 619 595 626 606 633 601 615 618 624 597 597 626 656 627 617 607 626 620 606 627 629 618 622 607 625 608 636 613 623 603 622 626 588 617 646 622 579 644 618 638 616 639 632 594 609 580 630 618 570 
508 617 631 601 605 622 596 605 637 611 611 640 650 625 626 607 630 600 610 617 627 621 631 626 626 603 619 618 643 613 608 608 624 619 650 635 638 575 601 628 614 644 614 598 600 595 620 646 612 652 628 613 625 600 630 616 612 637 614 620 610 627 632 628 643 609 611 627 597 606 593 624 611 615 623 605 592 644 652 637 616 621 600 660 627 632 614 662 618 623 596 645 607 598 596 606 607 617 643 633 570 
496 616 608 637 586 640 635 594 633 621 640 593 618 609 585 618 591 619 642 583 607 619 629 641 631 625 622 635 624 630 616 620 615 620 620 637 617 614 634 623 625 642 640 616 651 619 594 626 595 609 588 594 638 640 588 603 633 612 615 621 632 626 621 609 649 595 634 614 628 610 645 640 655 644 629 607 634 586 602 582 612 584 623 624 601 631 616 641 629 572 583 642 598 618 634 648 614 658 634 613 620 
493 602 660 632 610 617 593 603 617 622 606 656 632 636 651 606 641 592 616 585 608 616 634 626 597 646 658 615 611 639 554 614 604 641 627 622 609 648 628 613 600 584 604 624 577 614 621 630 656 622 610 625 597 599 608 634 626 618 613 628 603 624 657 647 627 622 657 599 602 609 637 619 608 603 616 597 613 623 596 613 591 650 610 613 589 602 617 655 631 652 618 620 625 631 647 627 619 618 611 597 619 
508 636 605 622 637 591 649 611 626 588 599 630 610 628 606 616 645 614 606 598 626 645 647 649 611 627 629 604 623 606 611 641 637 601 614 611 610 643 614 594 623 608 618 635 647 654 609 657 612 630 584 600 619 614 624 622 627 626 619 627 632 602 605 645 611 576 618 604 595 652 627 636 633 619 607 601 624 632 598 624 644 633 614 618 608 605 631 622 624 608 582 637 612 607 622 636 632 609 652 646 630 
499 635 670 613 603 605 590 625 646 643 623 633 668 593 626 608 637 600 627 609 595 617 614 614 606 645 629 642 609 583 640 597 636 646 614 638 628 654 620 618 635 631 604 631 608 615 622 600 627 617 582 636 616 612 610 600 642 623 602 638 644 618 628 606 603 592 606 667 600 599 643 604 596 597 636 634 625 655 636 628 625 628 627 626 612 623 588 592 621 620 604 625 590 623 592 620 592 628 587 628 601 
522 578 618 600 651 636 653 626 576 618 626 624 634 599 594 618 620 609 588 616 612 590 593 629 587 626 600 629 593 589 600 614 571 621 654 615 611 599 626 633 599 621 620 636 641 638 625 641 639 585 606 626 609 580 630 649 622 636 606 621 627 615 617 622 624 613 583 610 622 623 610 616 639 595 653 609 634 615 618 610 593 595 599 603 649 598 610 634 589 617 605 619 618 610 618 600 604 604 580 601 629 
503 647 600 619 634 595 652 618 602 624 614 605 590 607 657 606 608 611 626 626 587 639 620 596 610 615 600 621 624 618 643 644 639 612 645 601 617 598 614 608 611 611 606 601 623 629 633 618 592 625 585 631 638 610 645 614 633 605 620 612 590 616 592 601 611 666 579 635 630 655 593 625 627 637 611 608 596 640 637 639 659 662 614 633 641 646 602 637 618 625 659 590 619 638 617 634 638 627 623 608 626 
473 623 635 615 578 614 594 627 635 627 637 637 632 590 595 636 618 628 614 640 621 608 622 638 626 610 618 620 634 628 614 633 625 630 619 611 608 639 597 618 617 592 583 585 623 605 592 613 624 655 598 654 615 620 630 635 608 648 636 653 635 642 617 613 649 583 647 574 636 640 642 623 615 614 596 589 625 617 632 611 627 605 610 622 604 619 609 653 614 620 643 598 608 617 641 622 613 659 642 599 614 
479 613 613 639 641 619 628 621 606 578 637 625 636 603 627 604 639 651 602 605 615 607 637 636 644 605 596 629 587 627 590 568 616 626 655 632 605 600 606 617 608 584 610 665 617 635 587 601 600 585 629 614 641 603 604 619 605 617 621 610 644 647 632 628 631 635 595 608 588 607 616 609 609 645 631 623 572 620 590 617 574 600 614 593 642 633 605 613 651 614 584 607 591 640 616 615 614 626 638 626 609 
504 603 613 644 605 599 591 632 581 605 619 632 603 616 654 621 619 636 595 644 609 611 624 616 624 613 633 590 632 622 611 634 610 622 613 613 610 604 609 624 637 637 615 618 601 634 600 648 639 604 633 596 597 630 603 590 627 582 631 612 625 609 644 642 603 619 626 646 598 622 630 649 614 639 608 612 632 651 598 632 637 635 603 612 613 616 598 612 604 617 623 644 622 593 666 627 609 605 658 622 624 
