492 493 502 510 497 502 502 504 509 530 512 507 523 515 497 494 507 492 504 528 499 514 508 514 525 507 519 520 535 510 520 508 489 504 494 516 520 499 537 511 501 512 518 511 504 507 501 513 521 528 526 539 496 516 508 520 502 514 507 511 510 487 505 523 520 507 508 486 520 510 519 498 522 507 504 506 497 518 527 529 522 502 510 535 515 493 501 535 533 494 521 514 500 515 508 518 516 528 507 519 530 
504 561 542 539 546 542 540 557 556 533 556 559 555 546 528 549 528 547 527 534 546 542 556 544 539 504 548 548 534 533 546 527 537 527 558 549 527 538 541 538 536 540 539 534 533 531 527 534 549 529 534 535 527 525 532 543 544 546 544 543 549 547 535 560 557 512 546 516 549 528 510 545 548 534 532 516 542 528 552 541 540 552 538 529 519 547 538 571 530 537 540 559 536 538 560 543 554 548 540 549 514 
510 548 544 528 549 531 536 549 547 531 540 559 532 538 534 552 523 531 553 552 554 532 540 545 558 548 525 553 537 534 539 531 538 538 526 522 530 542 536 542 542 539 556 564 550 550 548 531 539 527 528 552 552 543 532 540 533 543 538 543 535 542 538 527 538 529 525 558 560 550 552 543 542 545 520 564 542 528 535 549 522 552 542 534 537 551 525 564 551 538 536 549 543 531 549 532 553 537 541 545 554 
494 514 554 531 534 544 535 522 537 551 537 521 534 550 540 550 508 557 565 526 542 527 560 515 535 533 529 525 527 538 541 560 545 551 537 525 541 524 525 545 547 539 534 546 527 564 537 550 543 541 533 543 548 563 551 535 536 556 533 527 536 567 549 542 531 506 543 561 546 544 548 542 545 532 527 524 529 523 543 541 544 536 531 530 538 538 545 547 532 531 528 538 529 542 524 557 520 532 538 560 529 
501 538 534 531 504 561 539 509 523 532 530 524 543 523 526 546 534 527 538 515 535 527 515 520 529 500 519 524 517 563 536 554 541 527 517 528 527 520 506 528 531 523 528 543 534 539 551 534 540 538 542 519 542 528 521 524 535 526 533 531 514 535 531 533 538 522 524 520 523 535 537 537 537 523 535 514 540 520 521 509 515 522 524 535 534 500 539 523 519 524 515 530 535 526 521 537 532 536 526 539 533 
471 521 512 523 530 501 516 504 497 536 509 509 506 527 499 497 540 505 505 513 514 515 521 526 507 512 502 493 531 512 510 497 520 512 506 517 507 522 525 505 506 514 523 490 523 503 518 509 515 528 516 501 521 512 489 507 532 496 521 500 517 525 496 497 528 499 531 502 506 521 505 517 515 503 498 520 498 516 505 522 535 492 509 506 520 519 534 507 540 501 513 529 501 504 511 511 516 504 519 530 507 
509 527 541 529 564 542 530 547 537 541 541 546 526 543 533 523 538 536 552 522 535 555 549 540 551 555 548 548 538 548 564 538 545 548 526 523 538 546 553 545 531 516 547 541 553 532 547 532 556 526 543 542 541 535 544 542 540 537 528 559 513 548 537 550 561 548 535 515 538 557 552 540 533 514 522 539 537 535 505 567 533 557 540 550 531 522 530 522 548 545 549 559 550 542 567 525 552 536 572 553 542 
493 560 541 546 549 559 555 543 558 542 557 544 540 532 525 539 562 545 549 577 556 533 547 552 548 535 563 549 545 563 542 545 538 551 554 558 580 554 553 559 547 556 560 548 550 552 537 567 550 560 547 542 556 552 554 545 545 553 538 559 551 553 559 574 543 531 527 549 549 557 552 545 552 563 557 549 558 560 530 551 555 552 549 567 556 568 535 568 546 537 562 556 549 564 536 523 561 558 530 560 548 
519 549 556 520 532 541 548 526 517 526 551 528 536 541 543 529 534 536 520 502 500 531 526 547 524 529 517 541 525 542 527 550 528 520 524 548 538 525 540 550 539 554 536 536 542 523 518 544 531 547 528 524 538 532 524 525 527 528 533 526 536 512 527 544 517 560 523 546 541 538 539 541 532 523 531 522 524 533 523 528 536 560 546 547 550 537 533 542 523 546 557 547 513 538 561 539 552 526 533 549 543 
498 538 535 552 549 564 550 518 577 544 558 538 542 530 538 539 530 539 553 553 542 529 541 553 553 542 554 531 537 540 556 530 537 543 523 527 542 557 533 540 551 538 561 553 548 528 532 545 548 529 526 539 534 533 549 552 549 531 560 544 522 542 519 542 548 543 559 541 546 513 538 544 553 560 547 534 566 561 548 548 544 555 550 546 550 539 555 535 541 549 540 549 550 507 550 557 535 538 547 564 525 
505 557 553 559 560 550 557 534 542 557 544 537 535 553 531 538 531 554 551 560 534 549 549 526 585 553 545 556 554 565 539 564 553 537 557 538 551 578 543 552 567 548 549 541 525 532 548 554 547 574 546 549 533 535 552 539 587 538 555 540 554 550 529 562 543 533 548 541 556 548 559 536 560 552 523 544 537 553 526 552 562 559 551 527 543 545 534 563 545 554 530 539 552 543 548 537 544 539 567 552 528 
501 509 519 554 519 552 527 551 540 536 544 525 548 550 544 523 538 534 552 521 551 526 532 538 541 544 533 531 528 545 538 552 533 550 558 540 546 555 509 548 534 532 541 538 547 542 545 537 535 538 558 569 543 554 545 543 513 540 533 518 553 529 510 538 534 538 536 529 539 537 531 535 523 560 526 534 526 531 552 538 502 547 542 562 547 552 524 550 525 535 538 513 535 542 530 545 545 556 534 555 546 
501 533 520 547 527 530 535 532 534 543 538 520 538 552 543 557 539 530 547 523 533 556 552 531 541 534 537 541 538 545 534 515 541 546 545 545 528 545 526 552 544 540 531 535 521 521 546 532 544 526 545 553 529 539 527 538 526 551 557 543 536 526 558 544 537 541 540 552 518 529 553 532 544 560 540 547 532 508 523 513 523 550 513 544 542 549 526 529 517 529 532 538 540 523 544 524 537 561 544 540 532 
488 521 509 529 539 533 514 518 519 528 528 523 532 547 518 513 535 521 518 500 519 519 532 543 514 521 515 528 532 537 545 515 526 533 519 550 532 538 498 523 533 524 533 515 530 515 520 535 527 528 523 523 505 523 493 522 523 524 504 518 520 504 536 518 517 519 497 529 531 526 541 537 508 517 505 536 523 528 521 524 518 521 523 537 523 520 525 519 531 536 529 528 513 518 523 526 529 551 513 530 536 
511 555 542 546 570 553 560 544 552 543 566 543 539 554 559 540 544 549 552 555 564 536 556 552 542 547 549 517 560 540 579 548 541 550 561 543 568 559 534 544 551 540 569 553 557 570 547 545 542 543 580 556 560 544 548 549 548 556 540 539 531 549 549 533 531 556 559 546 540 568 542 558 549 528 531 556 549 585 541 545 540 547 568 538 545 566 538 556 544 516 540 536 547 549 545 547 538 547 555 531 543 
527 540 540 548 547 541 556 538 564 530 558 549 545 548 545 543 557 550 537 561 531 539 542 543 561 548 536 543 547 536 552 527 554 542 543 562 535 564 565 554 544 560 545 520 535 538 547 536 551 539 547 561 530 556 554 522 554 554 546 530 536 564 513 569 551 535 563 547 550 567 533 532 537 530 540 541 543 538 530 557 538 541 537 520 554 526 550 550 559 542 532 546 561 550 559 550 521 536 549 548 537 
500 546 552 536 550 538 550 543 542 537 526 533 528 549 537 539 538 532 574 544 534 554 539 553 557 537 547 542 536 545 541 575 552 543 540 525 542 566 526 536 551 542 539 530 540 541 537 553 526 525 530 551 515 551 550 544 522 557 559 553 532 547 530 529 527 547 520 538 550 544 524 554 525 571 545 533 538 534 541 549 545 538 536 520 538 552 539 536 565 545 565 554 543 551 533 533 551 547 536 546 529 
491 542 537 505 519 506 524 541 538 514 515 514 538 532 536 530 522 537 520 527 521 535 522 517 529 530 533 515 517 519 549 536 518 520 538 527 520 547 532 508 518 531 543 517 542 513 512 533 518 525 509 531 546 537 528 523 538 516 516 520 547 529 539 536 533 501 525 523 508 537 515 536 520 545 526 522 524 527 526 532 522 528 523 536 534 535 534 523 528 546 519 516 534 535 539 519 500 528 563 551 522 
507 538 564 549 539 545 542 559 558 552 552 571 552 544 550 533 565 527 566 559 540 539 530 543 561 553 560 538 558 563 576 575 575 546 570 548 540 542 521 535 535 560 565 551 540 560 556 550 546 555 557 545 576 542 571 560 521 544 526 552 539 554 557 542 551 550 556 559 550 535 540 537 544 546 552 549 551 551 551 557 562 564 564 569 530 527 565 547 545 545 558 535 552 567 548 520 534 563 533 536 549 
502 582 525 557 556 542 555 559 564 544 540 529 563 532 555 559 532 543 551 554 522 538 539 549 559 562 539 530 549 560 540 555 544 549 531 542 538 557 545 520 544 541 550 562 540 538 535 542 544 555 550 529 567 550 548 558 524 565 530 561 554 566 550 546 534 554 553 549 540 562 503 533 530 545 552 551 545 546 568 545 567 567 533 539 540 567 547 536 541 541 539 549 559 546 562 542 545 514 530 549 547 
