495 541 523 541 536 547 556 544 547 555 552 540 542 546 583 581 548 547 576 549 568 537 570 569 553 585 568 554 531 557 558 540 535 540 558 539 548 553 551 547 562 564 557 547 549 549 535 562 542 539 524 564 554 563 565 549 545 530 543 560 542 560 549 544 555 547 517 544 559 548 530 581 556 550 521 551 569 546 542 577 530 553 544 553 550 539 564 561 564 550 556 554 563 588 548 556 568 535 558 549 553 
490 546 516 523 523 511 542 548 542 528 527 535 529 550 542 512 529 541 547 548 530 545 556 562 524 524 537 528 532 553 536 525 536 521 555 528 540 541 540 553 536 553 551 506 535 531 559 541 534 521 552 537 521 555 535 552 543 545 555 533 544 531 545 520 548 566 531 538 531 528 548 534 555 533 541 549 536 552 517 521 526 555 526 497 518 548 535 546 563 574 530 533 541 543 531 543 537 544 519 530 551 
504 565 533 541 543 551 564 553 557 556 545 596 540 549 540 544 541 569 579 557 518 566 537 530 543 562 551 553 566 528 548 559 554 543 565 548 572 548 561 530 553 554 536 549 568 529 544 566 558 564 549 558 543 577 547 568 545 562 554 540 519 561 568 551 533 544 542 570 539 567 561 550 552 547 569 550 551 542 560 524 548 551 555 547 539 550 556 546 537 557 546 555 557 547 558 526 549 570 539 553 559 
517 558 568 564 570 578 560 586 597 589 577 579 571 561 565 558 583 554 540 541 570 567 579 601 560 567 584 555 565 583 570 551 549 553 545 553 532 578 546 587 543 580 565 577 583 581 578 583 556 571 541 565 560 536 553 567 549 570 546 560 561 581 555 540 539 558 594 563 558 577 565 557 584 540 576 582 563 564 576 565 566 565 568 575 560 525 560 558 542 569 575 566 563 570 582 542 580 552 564 583 553 
504 542 569 553 551 553 555 543 540 550 579 556 567 568 557 562 553 555 559 542 550 580 544 578 563 556 548 583 532 558 552 569 577 540 581 550 557 561 509 557 570 559 570 563 542 577 540 555 551 567 567 567 565 551 564 578 563 546 564 567 551 556 563 552 568 529 553 549 564 548 524 536 561 544 536 553 527 554 558 561 572 551 538 548 563 546 549 549 553 599 546 573 568 556 576 552 554 576 534 539 558 
508 541 554 550 548 562 534 547 566 551 553 555 557 533 531 536 536 570 555 574 549 565 526 574 532 535 516 507 545 539 543 551 536 550 561 541 570 549 555 569 514 533 535 560 545 555 559 556 553 555 554 550 534 542 532 557 555 540 552 526 542 560 558 555 543 557 563 544 537 540 561 550 557 536 552 539 563 551 550 536 562 563 570 545 535 551 544 565 537 568 544 562 556 558 565 528 570 559 566 553 557 
505 557 554 555 561 537 537 554 551 532 574 575 541 529 559 564 548 552 545 573 561 558 557 574 565 560 545 577 563 519 566 543 553 550 563 560 549 570 558 544 568 553 568 553 552 542 538 560 565 545 580 547 548 545 563 547 557 564 573 564 561 524 557 556 554 561 552 562 526 564 552 568 549 570 561 553 548 546 562 551 564 565 534 551 569 558 551 547 567 558 550 530 550 563 566 558 562 553 562 557 562 
494 551 569 549 554 562 539 570 570 558 571 580 536 564 567 555 555 562 569 575 545 552 554 583 567 570 569 562 544 532 538 535 569 553 561 558 557 548 561 549 532 563 555 563 574 560 547 588 546 557 574 522 546 556 566 534 550 532 556 576 558 564 571 555 546 552 564 559 551 573 563 563 579 562 565 545 536 551 564 549 540 559 563 567 555 572 542 569 548 553 564 564 560 564 553 559 554 557 536 568 553 
520 548 572 576 548 562 570 547 555 584 544 550 565 544 545 537 560 557 561 561 555 553 542 562 597 554 559 551 570 560 547 550 557 572 563 571 573 557 552 555 547 547 563 560 575 541 550 553 555 551 564 556 549 553 578 550 555 561 556 561 541 571 550 551 547 565 551 569 530 573 546 563 550 571 576 538 576 539 538 563 575 549 555 577 557 553 563 562 547 553 542 563 570 545 546 597 565 571 579 549 568 
507 545 552 570 545 538 543 550 555 553 555 553 559 554 550 537 542 550 554 566 551 550 566 555 542 559 561 545 559 577 571 540 546 558 526 552 521 532 551 548 555 532 567 558 551 529 549 564 572 568 561 558 572 550 541 551 566 542 557 558 548 544 554 549 535 573 538 551 549 562 557 573 554 567 568 557 562 546 543 552 544 544 556 515 541 541 554 557 542 573 557 528 538 524 537 539 538 551 540 561 552 
484 556 563 561 552 568 564 540 556 573 557 558 551 555 541 529 542 554 540 550 537 544 548 537 554 556 560 565 548 549 543 558 531 559 554 541 528 568 543 535 544 542 562 526 559 526 569 553 550 562 554 563 571 573 535 577 528 554 549 572 556 558 545 547 560 545 562 525 524 544 552 529 566 547 550 541 553 528 523 550 542 558 570 548 565 587 568 543 531 556 536 549 548 546 533 533 557 561 553 564 542 
502 540 545 518 514 513 538 536 530 549 562 544 556 538 548 528 546 543 549 562 557 568 519 524 533 522 549 550 548 554 543 531 555 524 549 503 552 524 520 528 520 525 534 534 529 522 559 514 546 532 525 545 531 524 545 530 555 525 546 529 540 553 539 557 539 534 543 566 523 525 507 546 523 523 529 540 540 514 553 530 537 538 546 532 536 550 548 525 525 528 534 531 546 555 518 533 539 533 547 520 536 
511 582 572 578 563 575 555 584 565 565 569 555 569 585 559 563 583 562 596 577 557 584 580 575 561 550 559 573 561 540 576 549 552 559 550 563 550 550 571 575 567 564 568 571 577 565 586 589 560 579 582 541 563 601 567 582 564 565 588 544 583 591 557 558 560 568 569 581 567 564 570 579 581 581 559 572 580 581 568 569 579 552 585 560 564 593 567 576 558 576 576 593 572 583 576 579 580 576 579 549 563 
494 539 548 530 557 550 563 545 554 537 564 538 537 549 548 546 568 521 534 531 540 559 551 525 543 540 549 555 566 538 535 554 535 549 543 506 538 532 551 599 567 566 543 548 547 564 553 553 533 540 536 527 559 539 544 516 545 525 547 540 543 561 539 552 546 563 525 555 534 527 529 552 538 591 550 532 543 558 534 565 535 514 526 549 512 547 527 519 563 556 529 556 522 550 565 558 553 533 538 557 554 
486 523 546 556 531 535 548 541 525 546 531 545 543 538 558 553 540 557 536 548 546 561 552 543 538 529 549 536 551 545 535 538 537 552 554 541 556 557 543 535 565 568 543 547 552 531 532 565 548 553 555 554 548 524 546 572 543 539 566 553 531 539 532 559 538 522 545 542 522 558 520 542 544 546 550 556 528 552 538 520 552 557 524 550 549 533 539 514 556 551 557 563 556 563 560 544 551 537 542 537 577 
503 524 551 546 541 553 540 526 557 526 521 545 520 513 532 521 530 523 544 521 547 547 515 538 522 502 548 526 555 549 553 545 530 524 536 545 534 541 536 490 517 564 522 529 500 527 535 536 541 548 520 530 515 537 556 550 511 520 539 516 535 514 522 523 517 520 540 520 534 535 522 518 549 542 516 549 531 526 517 553 544 525 530 541 571 550 547 527 527 536 536 540 536 524 546 541 547 538 538 519 537 
506 542 552 577 520 553 575 560 564 558 547 549 556 553 544 558 522 562 550 546 537 560 552 571 536 559 552 561 568 570 556 550 548 567 574 547 551 579 539 563 554 556 553 543 583 541 565 550 559 538 541 528 552 564 543 544 566 559 588 549 533 569 555 545 543 547 520 525 540 540 525 555 570 552 535 553 560 567 544 567 553 544 534 552 556 546 571 562 556 561 540 562 548 513 552 552 576 532 556 554 539 
500 558 548 576 570 566 589 565 580 581 551 554 562 555 556 564 577 561 544 572 558 550 556 563 559 577 561 569 544 570 549 543 554 587 560 573 579 573 580 561 562 558 550 561 550 546 560 557 551 560 555 556 544 568 555 556 574 570 584 567 558 567 568 554 548 555 592 560 566 567 558 562 562 569 572 573 561 552 533 561 591 545 573 577 568 573 581 576 554 571 560 564 551 588 555 554 569 547 559 560 537 
494 553 547 558 551 539 532 539 548 561 541 563 544 537 539 540 548 547 552 553 563 531 513 541 544 548 564 553 530 546 562 553 544 551 565 527 550 555 538 552 546 520 541 567 532 545 547 540 564 546 534 558 532 546 545 555 537 550 558 552 564 533 539 554 550 562 550 513 561 568 551 539 552 539 549 560 518 555 573 543 571 542 548 547 549 539 549 547 543 527 565 541 551 536 538 561 551 557 557 559 519 
518 540 574 565 560 572 564 545 567 575 557 554 564 551 545 543 517 565 566 545 546 545 553 554 533 574 527 542 561 576 551 550 549 574 543 555 551 541 544 553 537 562 564 559 568 566 536 559 554 569 537 574 555 533 564 546 586 527 578 560 549 572 547 572 536 543 561 551 543 556 554 535 535 537 546 557 578 547 550 549 573 571 588 550 524 552 559 560 543 550 533 552 556 556 553 578 553 570 522 559 551 
