495 547 541 609 556 568 586 569 541 576 593 581 539 548 551 550 571 577 570 566 551 554 586 568 556 566 564 576 577 584 572 584 566 585 569 576 565 546 554 574 560 570 549 582 556 555 556 578 568 579 571 568 559 577 550 555 577 553 571 566 582 552 564 573 572 567 568 588 591 582 572 580 577 547 568 580 582 551 580 579 553 579 553 588 576 559 552 587 589 574 551 556 559 572 573 580 562 573 585 579 591 
509 586 544 576 564 531 566 536 586 573 566 566 547 572 558 567 554 550 534 557 546 547 558 556 547 558 541 559 557 550 594 556 558 563 547 559 569 564 600 572 549 562 554 571 564 546 559 549 546 560 557 550 589 569 533 575 569 580 554 552 574 573 567 596 545 585 558 555 550 567 568 553 558 587 590 568 557 548 573 559 549 587 568 565 557 558 569 563 553 541 562 539 571 543 547 569 535 563 572 552 556 
506 593 571 569 570 556 541 565 602 560 590 563 574 563 593 563 579 549 569 586 557 582 564 573 573 557 574 556 578 612 561 605 564 578 568 567 572 555 559 577 582 570 580 585 560 573 590 568 579 587 557 577 550 582 596 567 555 555 550 583 543 593 564 563 557 573 585 556 571 549 592 575 583 565 580 563 564 576 589 566 552 565 579 573 543 566 556 575 546 578 600 571 596 578 607 548 579 591 588 582 586 
503 556 570 536 578 559 541 531 541 560 566 578 577 567 573 576 542 557 558 573 535 551 565 567 558 560 554 550 545 545 548 524 536 596 551 555 597 574 573 573 574 565 570 544 548 552 572 549 574 580 560 562 541 570 579 551 568 543 596 562 562 570 579 563 553 569 566 566 566 533 529 544 600 546 564 573 564 549 557 548 552 577 584 578 563 572 556 567 581 578 563 570 600 543 588 578 567 590 556 539 576 
470 506 554 524 566 551 547 553 541 553 556 532 551 560 558 558 559 543 549 527 540 570 547 564 540 547 571 563 546 554 554 546 603 560 562 524 568 538 567 563 597 543 573 547 567 542 556 534 571 564 548 556 564 574 546 560 526 536 558 532 583 557 543 576 561 566 528 526 532 577 558 585 536 541 544 573 522 576 543 531 573 558 541 572 547 576 559 578 571 563 580 559 562 547 584 557 551 572 544 553 558 
498 583 543 563 538 545 565 537 568 576 551 536 556 561 542 560 528 544 553 569 550 567 576 528 546 557 547 580 562 542 542 559 578 576 552 572 569 577 556 600 583 529 562 568 545 554 543 569 549 539 552 575 569 560 559 561 582 543 523 566 568 560 549 560 553 540 552 551 558 553 564 539 567 562 551 580 563 548 566 580 552 550 552 552 557 550 590 564 574 576 565 538 570 581 553 572 559 554 560 588 587 
538 572 571 597 586 565 595 574 586 581 600 566 564 608 582 576 555 567 567 576 583 578 608 591 577 585 578 605 572 579 583 581 572 550 606 583 593 563 575 571 574 591 563 599 591 583 584 574 573 596 577 591 577 593 565 599 561 587 581 605 560 589 585 582 606 571 581 601 580 578 610 580 583 585 596 584 575 596 576 571 582 587 587 560 610 588 585 579 592 584 561 582 597 586 578 583 571 595 589 560 588 
492 559 578 548 562 562 554 555 566 590 549 550 531 560 569 572 560 535 545 560 570 546 555 574 582 547 539 531 555 584 550 543 579 545 558 537 547 541 575 551 542 535 543 582 545 574 550 567 570 549 536 566 541 586 600 553 563 563 545 538 565 556 570 542 571 558 590 545 539 535 568 545 528 536 534 559 572 540 535 548 550 565 567 556 572 574 579 540 553 564 546 556 531 580 565 546 582 543 541 549 556 
512 583 605 602 606 620 574 620 591 609 610 607 607 591 608 591 622 596 573 619 595 608 587 592 614 588 603 600 597 605 614 619 614 591 585 600 591 581 588 562 590 607 583 593 613 615 617 621 618 616 606 602 611 573 619 579 604 592 634 608 595 625 636 598 556 580 572 609 610 612 604 579 604 591 602 586 589 600 609 610 584 605 599 604 596 597 602 625 580 592 592 617 580 619 596 597 598 588 594 606 607 
501 577 560 569 581 562 570 566 554 568 576 570 568 547 555 571 581 561 567 549 566 550 582 562 588 580 569 586 539 592 557 565 573 579 569 533 556 576 566 566 548 538 565 584 574 572 566 544 538 566 577 571 591 568 550 555 567 557 579 574 593 571 567 564 567 580 554 556 580 561 537 564 578 559 565 578 542 521 581 565 553 549 560 569 587 572 572 539 572 568 579 550 569 568 594 566 552 566 580 575 564 
519 577 544 566 532 568 542 582 559 585 578 576 540 565 561 544 553 564 555 558 564 541 566 564 548 531 569 558 565 591 585 590 567 569 554 568 556 548 564 545 562 544 587 560 563 571 566 555 552 568 569 558 548 587 534 565 549 569 558 566 562 558 588 569 548 542 570 546 571 574 569 556 563 573 561 568 555 584 564 537 570 553 585 582 582 547 563 556 543 563 566 571 588 568 571 585 572 558 558 564 545 
546 584 607 589 558 594 624 602 602 583 588 578 597 597 589 610 595 578 584 572 583 560 590 594 599 558 607 577 601 585 559 596 593 570 584 591 578 551 593 607 590 590 577 616 593 567 597 585 579 609 579 579 587 565 571 587 585 599 579 578 587 572 581 608 605 607 596 589 588 567 600 577 588 582 577 583 597 582 579 578 564 593 609 599 579 588 575 605 614 612 591 580 577 576 572 594 597 591 577 580 610 
520 595 600 568 620 581 599 603 588 577 614 593 617 588 580 592 588 581 595 586 583 567 592 600 606 583 580 579 571 574 583 578 609 604 619 592 593 576 600 578 595 589 598 581 589 592 584 572 607 580 579 581 596 563 579 597 609 595 589 586 561 587 606 576 562 560 565 588 549 611 591 613 583 590 601 604 576 571 575 591 575 586 575 590 594 581 582 600 594 608 569 585 595 574 605 577 617 570 578 597 575 
505 565 560 615 590 535 564 588 577 564 569 573 574 572 561 603 593 602 548 574 580 563 595 559 544 595 572 596 566 577 588 578 555 590 592 594 586 609 557 590 559 580 600 582 580 575 578 552 585 582 582 587 563 575 586 582 549 596 574 585 560 574 572 584 582 558 563 587 579 571 548 552 563 583 561 573 561 568 607 606 597 549 612 570 587 576 576 581 564 581 578 584 589 584 585 573 569 553 578 557 570 
510 587 583 585 608 589 605 586 598 563 566 571 573 573 596 589 584 604 589 576 571 561 586 596 570 590 590 584 576 568 570 569 602 572 584 586 586 583 612 586 590 596 590 589 602 597 591 583 599 585 592 614 573 566 586 581 571 591 601 611 603 592 576 583 586 621 591 605 591 563 571 572 575 586 616 580 573 583 572 588 574 586 601 593 593 572 565 587 586 593 594 596 590 582 617 572 602 584 573 600 535 
497 560 561 573 551 549 556 554 565 546 558 545 551 573 570 561 552 582 551 548 553 555 565 547 548 537 558 552 570 575 570 550 580 561 536 538 563 571 556 567 589 554 537 559 564 564 557 541 559 574 581 536 574 547 569 570 565 572 561 592 525 551 552 574 551 557 560 549 573 586 559 562 572 582 562 573 569 586 525 548 557 575 556 566 547 564 552 578 542 540 570 573 560 568 577 558 576 564 569 548 542 
527 557 596 598 575 589 571 575 572 578 583 587 556 558 587 598 603 591 603 569 593 585 591 568 564 590 616 593 575 576 583 584 600 582 583 582 591 608 593 556 567 591 591 580 570 577 561 598 587 589 587 588 559 577 568 587 578 567 598 573 585 567 608 561 586 577 577 584 569 590 584 575 568 587 578 607 592 584 566 600 591 570 585 579 589 561 588 584 609 581 609 582 579 576 570 566 588 571 551 606 601 
493 563 563 581 566 568 568 554 582 561 588 562 550 575 584 559 575 550 524 575 590 567 531 563 562 573 544 543 542 576 567 577 553 565 553 576 550 585 555 588 562 533 565 575 566 543 577 565 561 558 575 562 564 557 557 565 554 554 582 546 568 588 533 554 551 547 581 581 602 551 562 552 554 553 539 575 578 561 557 548 577 554 566 567 591 559 546 563 556 543 590 554 540 585 566 558 571 556 575 556 592 
508 590 554 570 571 570 553 571 568 551 576 550 588 574 565 568 561 553 589 583 565 595 577 555 569 575 590 599 559 572 567 556 573 560 566 567 576 565 565 566 596 573 586 587 546 551 546 562 571 530 587 557 556 591 577 568 562 581 566 591 562 578 577 562 568 593 553 534 597 588 572 555 565 544 578 561 579 558 571 562 564 568 579 554 592 548 582 566 559 561 567 580 547 574 540 544 584 588 558 561 548 
485 574 545 559 539 543 557 575 568 545 554 568 555 561 542 566 538 538 560 576 592 554 556 558 548 558 569 537 582 544 558 574 575 553 563 562 573 541 533 543 572 571 581 565 556 557 536 570 571 538 549 581 566 547 564 555 579 574 558 580 556 555 547 536 550 581 585 555 580 548 565 573 559 548 573 557 562 554 535 566 560 560 569 542 565 562 592 571 583 580 570 588 554 570 569 537 561 556 569 571 548 
