500 567 568 598 586 598 598 586 600 564 561 566 569 555 564 578 599 580 574 534 602 587 565 563 547 567 601 588 558 584 579 592 563 591 569 577 574 587 593 610 591 594 597 575 563 610 563 572 562 591 560 586 587 568 582 553 580 572 583 574 596 578 589 582 581 601 573 583 556 587 565 579 548 587 586 577 590 584 586 577 559 595 582 571 583 562 573 552 585 583 589 601 582 567 574 573 574 591 593 573 578 
493 589 603 580 567 589 599 600 609 593 589 569 577 603 572 553 597 588 581 586 579 599 583 571 568 570 589 588 571 609 575 582 613 569 579 573 583 601 602 570 605 608 571 567 594 602 596 579 573 580 605 588 561 576 555 569 564 573 584 574 573 589 597 583 565 582 562 568 577 579 598 599 568 601 594 610 559 604 560 556 584 557 576 583 589 580 571 530 591 593 588 606 599 586 553 576 588 588 586 554 562 
497 585 588 590 569 545 585 572 574 603 587 591 583 571 577 602 617 579 589 572 574 578 585 582 586 602 571 569 570 583 566 557 585 593 574 576 593 597 573 577 567 596 577 590 587 590 582 587 563 559 584 563 575 604 593 599 560 577 573 587 570 583 585 587 582 567 614 546 563 577 579 587 564 565 568 583 570 577 569 571 560 574 589 570 611 565 562 584 557 590 599 598 563 585 568 582 581 587 591 589 591 
517 578 596 581 585 594 596 592 596 557 569 603 556 615 603 587 603 580 574 602 581 593 622 573 603 606 592 588 589 572 610 595 583 599 578 564 589 589 605 592 583 576 592 579 581 578 611 581 589 632 602 584 582 604 553 626 580 581 568 589 601 617 608 581 551 574 568 547 565 573 563 601 607 578 555 603 593 587 602 577 569 584 588 577 579 569 598 591 584 602 593 573 591 585 566 586 599 589 562 589 555 
484 566 573 602 552 583 548 597 583 601 569 596 556 580 561 550 567 575 555 573 585 559 577 559 565 565 580 570 581 567 585 590 560 561 572 560 574 553 584 589 598 599 584 601 588 591 599 547 585 592 597 587 568 580 578 569 555 540 571 565 564 611 609 580 609 562 564 581 576 591 582 582 567 560 587 580 552 569 570 588 593 594 599 546 589 582 584 539 553 564 586 592 567 561 564 583 590 562 586 574 546 
532 619 588 592 590 628 570 622 600 575 614 605 601 586 585 605 596 623 603 585 571 603 611 620 591 590 615 610 568 601 575 602 583 625 576 593 609 605 592 621 600 603 601 597 584 598 588 631 595 593 614 590 607 607 579 607 614 593 601 587 605 604 606 585 572 615 586 603 620 594 609 627 567 585 590 589 613 609 625 591 618 628 598 628 585 608 602 598 621 593 596 614 598 596 605 588 582 595 585 604 604 
519 553 560 547 561 568 580 594 547 591 562 558 556 590 552 595 555 542 579 538 559 533 572 552 547 564 565 601 578 546 574 550 561 569 544 570 541 579 570 562 560 569 548 571 566 578 596 546 546 561 553 569 585 574 559 556 548 582 559 562 572 588 561 546 557 578 551 590 591 611 588 561 563 574 571 554 579 583 574 563 562 581 581 568 563 569 550 594 542 577 566 553 586 556 586 551 577 576 554 557 579 
487 573 573 602 561 590 579 568 589 597 556 580 598 610 573 579 548 555 566 597 584 580 556 619 566 565 565 584 582 571 560 556 571 587 564 572 571 575 582 572 566 577 584 582 603 605 547 575 585 566 585 593 561 574 559 603 572 567 575 585 549 563 570 573 569 563 589 566 586 603 604 594 568 572 561 571 559 550 556 581 594 570 600 551 563 576 585 577 569 581 590 577 599 562 584 613 592 579 566 583 538 
480 561 546 578 560 548 560 554 573 549 565 567 590 574 602 547 548 565 578 565 568 555 554 585 553 581 564 572 582 565 570 548 567 552 561 575 543 575 561 553 559 576 554 566 557 564 559 581 558 573 560 543 553 579 542 552 563 580 555 561 570 541 544 567 565 557 548 564 578 581 562 596 580 556 573 548 566 553 598 571 586 556 583 565 557 547 561 581 571 553 568 577 563 557 593 546 563 557 557 561 573 
510 570 555 567 641 574 591 601 597 587 595 597 569 574 570 564 581 530 585 564 549 603 585 585 558 602 596 577 577 604 587 614 616 584 577 593 589 588 603 549 604 590 586 587 589 583 590 599 582 574 574 601 568 581 569 603 617 588 620 572 580 592 599 558 600 613 576 616 598 576 601 602 574 592 614 558 597 566 581 611 590 550 586 563 573 592 565 596 599 627 593 590 597 610 561 613 577 608 609 609 595 
509 572 571 598 575 563 556 562 567 589 609 534 584 568 571 569 554 557 573 576 574 549 568 594 580 569 544 567 552 595 547 537 586 573 565 556 565 551 574 587 584 556 562 560 596 580 554 538 569 588 562 572 584 580 552 556 569 583 587 554 573 566 575 591 558 573 566 587 542 571 589 579 558 536 570 558 584 582 586 559 577 567 584 545 567 574 563 565 560 575 570 575 577 562 555 595 571 563 564 577 562 
489 573 582 584 588 587 609 575 580 596 588 579 550 564 564 598 585 571 552 596 551 608 556 568 585 595 588 589 572 564 560 588 568 583 550 580 593 555 580 584 575 565 573 559 593 548 600 603 581 566 575 576 587 551 585 570 613 567 555 602 581 576 561 561 573 592 578 580 561 567 598 562 561 604 578 599 591 583 577 545 560 555 574 591 567 579 566 560 582 558 556 575 566 552 596 559 575 602 565 554 579 
499 570 593 595 566 572 564 580 579 603 565 574 558 587 573 580 556 593 574 620 568 582 578 560 596 562 569 561 582 583 583 575 569 592 555 550 576 578 586 584 602 588 583 561 564 567 559 572 597 587 539 562 566 546 586 558 579 564 575 591 559 567 574 562 586 552 589 567 580 585 576 585 561 566 556 593 562 609 591 566 557 546 580 575 547 533 545 562 565 575 567 596 552 555 570 574 580 584 583 557 553 
499 589 550 591 580 603 573 572 589 575 564 558 599 573 609 552 596 540 594 565 576 587 540 580 563 584 609 575 565 572 576 589 580 574 591 569 563 559 576 568 581 557 590 564 575 570 580 559 577 561 573 606 586 569 575 573 586 573 567 583 541 569 577 580 545 566 574 580 591 579 586 584 565 583 572 597 568 587 556 565 559 582 567 566 563 572 592 576 571 553 579 584 587 563 550 571 577 549 590 581 589 
510 603 593 591 578 570 566 590 596 589 603 593 569 596 589 588 605 599 592 593 582 577 590 617 590 610 583 605 601 600 601 588 600 630 575 608 564 596 600 554 595 607 584 596 558 611 582 607 566 559 586 600 593 608 604 560 583 599 583 621 580 590 592 608 587 605 596 609 597 581 580 588 608 614 612 574 605 572 577 557 596 575 596 574 637 570 566 592 609 583 614 582 575 593 546 581 593 613 597 585 603 
493 591 577 601 589 579 585 595 589 591 591 577 582 612 576 607 603 606 589 623 582 608 585 600 579 603 598 587 593 586 576 594 557 582 595 579 598 588 635 586 577 573 611 581 585 594 609 579 554 579 598 608 607 594 568 600 617 597 592 600 566 570 599 627 623 567 600 602 584 576 626 590 600 615 591 621 593 622 581 590 578 584 620 623 618 598 611 620 615 600 585 612 578 605 592 590 590 587 598 597 585 
485 589 554 596 564 574 599 577 595 596 576 584 581 588 560 588 577 590 592 576 559 586 617 567 603 577 593 585 572 561 608 595 558 583 597 576 595 569 579 597 603 564 590 593 594 556 599 579 606 582 587 607 581 603 583 582 609 604 581 589 568 583 584 591 589 568 572 565 573 597 578 566 579 584 580 581 573 567 592 564 591 599 585 576 592 561 572 590 567 595 597 600 572 594 576 586 577 545 604 611 576 
465 584 594 563 556 578 575 578 570 555 529 552 564 590 570 549 588 589 579 556 619 592 550 566 592 555 587 552 565 550 589 571 585 545 566 549 569 551 544 578 546 580 581 581 557 576 573 567 611 598 563 583 550 563 571 574 571 579 584 556 572 571 548 590 567 589 560 572 575 569 583 554 557 574 590 585 589 581 547 569 572 596 580 592 562 581 569 586 555 583 578 575 567 566 585 614 553 580 583 562 581 
513 605 616 605 583 591 610 599 616 626 601 585 600 628 611 592 619 624 589 595 609 591 591 588 617 590 598 606 610 597 630 592 576 612 612 610 593 622 603 597 579 595 626 602 563 580 588 581 616 609 602 570 636 587 621 603 596 620 609 608 592 607 591 572 594 599 567 612 608 609 588 647 604 628 621 624 593 595 612 579 602 617 584 585 596 575 583 628 618 626 595 603 613 611 616 628 596 586 606 612 638 
515 576 550 565 568 560 575 586 568 552 567 575 580 589 566 598 563 547 589 586 545 578 562 599 600 592 528 563 588 564 581 570 579 592 577 590 571 560 556 573 554 566 569 563 586 547 594 566 566 585 565 562 565 573 560 581 549 576 582 576 564 583 583 547 573 568 597 539 579 531 572 578 575 561 583 574 600 599 566 579 556 588 577 577 583 590 579 562 585 582 592 523 554 575 566 595 567 565 579 589 579 
