494 633 612 606 611 602 610 596 609 626 615 620 623 593 596 615 625 609 618 618 631 619 608 596 619 617 612 604 626 632 607 628 619 617 629 605 603 610 633 606 634 616 633 627 628 576 610 595 623 602 587 605 600 643 623 599 613 625 573 607 586 615 599 656 615 606 610 654 583 610 584 636 639 615 623 606 612 599 609 656 601 614 608 586 630 614 598 611 657 641 603 642 588 619 590 623 611 628 601 634 648 
489 613 573 561 586 610 596 625 580 600 606 607 603 586 611 594 603 604 608 606 630 574 630 582 597 590 589 622 614 621 591 633 624 626 637 616 570 612 575 587 611 607 591 625 591 628 611 578 608 558 625 595 573 591 604 619 596 578 582 581 605 606 572 589 599 591 614 558 602 611 618 627 600 612 625 620 633 621 598 627 604 579 610 626 601 639 555 603 600 585 593 585 592 590 620 612 573 590 573 635 609 
492 604 592 604 609 596 600 609 633 622 603 635 595 629 632 615 622 610 610 609 602 586 590 613 585 610 607 635 609 620 596 615 626 625 606 639 635 624 623 623 620 599 640 576 622 600 624 576 609 591 602 602 620 609 631 585 599 643 646 624 587 611 624 622 605 630 618 602 590 606 626 620 616 638 623 615 618 589 584 631 601 616 626 581 593 643 624 622 603 620 601 638 586 615 620 613 589 625 583 617 650 
487 603 572 611 590 600 605 583 629 583 593 620 572 579 621 599 605 576 599 618 598 599 618 596 581 626 604 595 589 573 587 585 587 597 597 617 603 592 578 591 614 576 602 645 618 623 637 576 614 595 609 601 601 594 613 607 587 590 564 595 599 582 604 586 623 600 590 598 623 603 604 608 615 616 631 587 583 605 581 589 609 617 587 593 603 578 611 597 606 605 581 621 612 573 590 618 605 597 597 586 616 
534 618 603 625 615 597 574 608 643 604 589 590 595 623 579 611 599 584 587 598 629 618 605 608 583 641 638 606 602 601 614 621 592 639 614 606 574 579 593 607 618 589 604 582 592 593 619 602 596 605 615 610 640 626 585 584 584 606 590 604 575 615 629 573 628 619 609 568 630 614 615 627 624 594 609 640 590 613 603 623 610 590 597 625 612 619 616 627 612 556 615 603 603 641 616 613 613 659 573 640 620 
500 589 586 595 610 601 607 609 635 619 600 631 604 625 600 605 617 607 590 596 601 578 615 609 627 639 593 619 598 608 611 611 625 608 614 584 613 617 608 600 604 613 612 615 607 613 570 597 588 603 619 625 576 616 662 594 617 605 571 626 606 582 613 611 620 573 579 577 645 603 608 612 592 613 591 606 612 577 626 593 598 643 584 617 587 579 598 602 606 599 612 608 604 611 613 601 632 619 621 615 580 
504 604 578 620 567 612 594 586 596 609 616 587 583 583 591 602 617 620 578 618 605 579 558 585 570 570 610 600 577 621 605 614 577 610 587 590 582 584 613 607 589 586 610 600 612 593 572 614 602 626 596 587 602 585 611 582 608 615 564 607 582 613 604 597 627 612 591 597 587 577 601 583 597 594 592 588 594 597 588 594 583 610 613 637 598 621 632 610 586 600 620 597 586 601 575 582 618 608 570 581 606 
511 579 611 610 581 614 575 600 553 587 591 584 593 569 599 557 586 597 615 600 603 594 578 577 573 605 568 584 583 596 583 567 624 600 568 625 590 606 584 617 580 626 584 589 594 597 607 601 592 574 604 608 598 565 612 612 595 592 575 610 562 620 619 609 577 557 596 598 613 583 580 594 576 617 594 553 592 588 607 601 604 598 567 578 559 604 586 582 597 609 574 586 575 603 566 566 574 603 600 583 605 
497 606 574 600 615 610 591 600 604 600 613 596 622 603 589 584 594 566 598 591 595 594 623 611 608 598 604 642 615 610 593 584 613 590 612 610 603 586 584 602 596 596 577 618 607 610 589 608 589 592 611 596 588 596 602 594 610 619 603 597 567 615 596 619 614 594 604 599 619 577 598 630 584 615 628 583 593 615 590 581 593 582 579 566 618 587 634 596 621 598 619 604 609 620 602 622 594 571 605 600 604 
517 596 600 610 606 595 579 569 592 601 618 621 626 616 635 567 614 583 601 578 637 602 631 591 627 593 605 608 604 600 621 618 621 629 597 586 588 595 589 606 608 626 613 606 574 600 599 595 583 603 628 607 609 609 606 604 618 597 572 610 599 598 606 591 593 612 620 585 629 601 572 590 587 593 646 597 625 592 605 628 600 608 594 606 603 602 630 606 611 621 588 596 616 576 608 605 621 613 618 598 619 
501 589 581 621 597 594 613 626 595 574 621 586 598 587 583 606 575 615 635 616 577 609 588 611 605 600 577 604 606 610 587 579 628 631 592 612 613 608 611 637 629 605 616 618 604 599 615 608 569 572 562 617 626 615 591 577 594 609 626 610 629 593 578 594 569 615 590 630 618 617 605 620 579 588 631 594 587 618 605 622 616 619 609 601 599 602 609 619 597 614 620 629 575 605 601 615 609 584 609 568 582 
503 616 612 607 591 627 589 612 584 574 591 577 621 602 599 611 610 588 571 598 608 589 614 580 624 627 596 630 573 605 636 620 602 596 605 590 606 624 617 614 615 601 585 607 571 604 592 585 614 594 577 628 601 602 588 620 593 608 640 598 586 581 577 592 623 578 591 598 618 587 606 620 605 608 590 599 608 575 573 566 630 599 596 576 603 613 581 591 595 599 603 668 591 601 595 632 589 568 574 585 571 
511 618 623 595 616 627 624 563 637 592 613 615 612 571 626 609 590 621 599 606 612 580 617 625 597 620 629 595 613 566 615 623 598 596 578 595 599 612 582 631 609 617 577 602 600 620 608 574 581 578 623 589 623 598 617 595 601 580 593 599 631 611 600 616 623 603 586 598 614 609 630 621 591 610 594 608 605 622 593 594 621 580 603 600 630 597 622 618 617 608 587 607 593 621 601 626 604 599 588 611 595 
521 602 594 592 636 623 604 585 583 578 615 619 604 611 606 603 601 586 630 610 587 577 604 587 622 620 639 606 637 597 620 602 596 597 596 597 629 605 610 612 615 640 567 555 577 569 610 592 609 642 606 590 635 608 601 579 596 572 621 614 588 590 601 608 611 611 559 636 615 616 606 596 610 593 634 621 617 608 598 590 619 613 610 592 612 632 617 603 634 612 611 625 587 618 633 597 603 590 596 600 572 
509 603 609 619 611 591 607 599 601 616 591 625 599 600 585 589 631 641 624 605 618 613 577 591 622 590 610 600 630 575 592 602 609 586 592 613 597 595 624 629 598 616 594 606 601 604 611 625 592 622 616 591 620 624 615 611 610 580 609 610 586 586 617 594 604 587 611 596 616 598 587 575 598 624 608 604 597 607 582 573 550 621 589 622 567 604 608 593 579 594 626 583 591 612 617 599 594 620 601 609 624 
500 608 595 608 602 600 583 601 600 630 623 614 591 624 626 590 611 584 594 582 594 595 613 622 579 614 573 585 602 641 608 592 616 623 618 600 630 571 596 581 591 588 602 571 629 609 611 601 609 596 617 584 604 628 599 587 592 624 593 597 607 593 632 589 629 606 600 612 630 559 590 584 617 624 595 601 619 579 576 608 600 615 600 604 600 596 577 576 561 586 603 596 599 605 591 590 570 598 623 623 587 
520 620 601 574 592 584 595 584 601 614 622 610 587 603 614 594 604 597 587 607 586 586 586 585 617 582 605 634 612 596 632 609 577 591 608 607 564 603 603 571 613 595 616 595 588 613 575 619 608 615 590 587 587 600 623 618 620 585 621 580 630 629 636 603 617 585 614 604 596 618 594 587 605 641 611 613 604 617 614 625 610 578 572 626 603 607 617 589 591 627 610 599 604 613 596 602 619 601 607 597 619 
526 601 624 607 594 615 587 589 623 599 613 576 593 572 578 597 620 601 587 603 583 614 587 615 619 624 579 604 613 612 614 621 614 624 596 635 582 583 622 612 613 617 605 583 580 604 630 589 585 596 614 595 587 614 618 587 623 619 603 590 604 607 585 587 600 592 605 601 617 607 574 614 617 577 603 603 607 611 602 588 590 635 569 586 628 613 609 609 629 617 584 588 594 588 616 644 588 572 622 608 599 
507 593 580 616 580 617 574 600 585 588 604 602 597 608 620 600 634 571 576 616 596 607 600 622 547 601 585 623 597 593 615 569 595 592 583 592 607 599 604 595 595 580 588 565 605 593 563 606 558 586 589 589 600 587 566 608 593 607 586 586 599 607 598 576 614 599 584 571 589 604 605 580 583 615 613 623 607 598 575 561 594 598 618 595 605 628 590 600 608 592 587 595 573 604 591 597 600 603 581 639 588 
500 626 597 595 565 614 587 621 588 611 620 628 610 641 606 577 612 604 613 577 630 572 601 617 619 582 578 582 604 611 606 585 608 617 583 623 584 575 598 576 596 583 583 597 577 599 598 635 621 613 602 599 628 611 564 604 587 631 616 598 584 589 595 615 559 586 596 629 599 608 596 553 606 615 595 605 590 616 597 565 621 615 626 586 580 617 608 595 625 586 601 599 621 599 610 630 602 611 614 590 614 
