509 849 833 848 828 862 838 829 839 825 844 847 879 842 801 864 866 848 842 844 836 844 834 792 849 842 858 827 854 836 835 846 844 828 845 860 833 845 854 788 858 801 850 851 863 827 850 850 826 839 839 869 797 852 800 836 857 831 838 874 824 816 838 849 885 824 846 820 840 849 807 856 830 834 866 851 894 844 852 843 814 849 844 825 837 821 842 857 855 875 836 858 845 829 839 828 834 814 814 814 845 
527 837 844 858 852 880 831 870 847 834 846 861 856 839 833 860 830 851 821 844 858 829 845 860 864 857 884 823 823 848 821 845 828 823 831 863 827 853 829 841 838 850 868 819 843 854 859 830 834 851 827 857 864 838 837 822 817 823 833 836 867 851 834 864 862 820 833 840 834 836 839 841 843 852 831 847 850 845 849 806 830 836 848 836 834 867 823 858 823 876 843 837 866 850 827 862 836 850 846 841 819 
491 856 834 802 823 817 858 854 832 854 841 851 815 833 863 858 837 849 828 824 834 826 831 828 844 861 809 827 856 814 833 811 848 819 856 797 827 833 861 846 863 809 859 800 794 810 844 850 856 829 822 825 854 834 822 831 811 848 833 851 849 825 852 817 810 832 803 875 841 848 836 826 863 833 813 848 858 870 866 801 854 824 831 856 834 860 825 834 845 835 823 847 852 845 835 822 846 857 861 849 843 
504 831 835 820 849 835 831 842 849 839 844 816 851 823 863 844 870 837 829 848 814 844 824 848 804 820 860 827 844 836 814 876 819 858 833 813 827 781 792 839 852 847 841 818 806 838 846 846 824 824 851 840 843 815 827 838 840 849 849 818 858 865 868 862 809 865 828 842 826 857 847 842 838 817 852 838 845 861 845 836 861 835 840 845 830 854 806 850 858 854 848 822 839 848 838 821 839 790 825 804 821 
490 828 853 874 854 844 857 824 831 841 807 822 877 835 809 859 850 823 861 824 825 855 839 869 816 846 817 830 799 832 856 840 809 823 854 818 816 853 852 855 867 814 836 843 849 827 829 821 850 821 847 895 841 842 832 881 842 831 832 836 844 854 814 853 800 846 851 842 847 854 803 841 823 845 856 849 820 829 844 818 820 845 813 834 832 848 839 851 862 852 808 803 807 827 822 848 844 852 828 848 868 
545 873 823 880 847 819 844 841 849 829 832 856 827 869 824 806 821 863 841 853 800 811 843 829 839 835 843 825 862 832 815 846 824 799 845 846 862 841 825 830 826 829 841 861 825 839 826 836 801 822 869 850 820 857 880 838 824 824 806 823 856 836 843 816 825 848 850 820 840 835 871 820 868 866 827 831 817 829 792 844 861 800 870 845 849 809 880 835 853 821 850 853 822 821 856 840 819 825 835 846 824 
479 845 846 852 818 823 822 867 805 819 826 794 818 837 847 841 835 823 791 837 853 848 844 838 816 856 837 859 841 814 820 834 799 822 857 871 867 818 831 848 842 846 861 845 814 847 812 850 821 828 829 819 840 878 865 861 851 866 813 844 841 837 855 828 842 815 860 840 815 829 871 840 823 864 799 834 862 854 836 836 802 819 839 844 832 847 819 854 819 805 838 835 832 841 850 848 844 844 833 862 869 
513 868 828 838 842 864 857 830 808 852 812 822 877 823 848 838 845 833 841 853 820 869 833 837 825 862 835 808 827 880 843 839 829 809 817 844 851 815 804 836 826 821 845 823 823 854 809 827 847 848 843 847 828 845 834 800 814 856 834 839 835 862 844 850 836 863 829 839 821 827 857 827 836 841 850 826 842 835 846 862 846 853 818 824 832 783 801 850 842 833 846 812 851 817 866 828 866 851 853 860 845 
520 861 879 828 860 852 853 881 848 879 844 858 834 832 846 822 818 860 819 824 858 820 841 843 856 846 843 833 817 835 846 810 875 829 827 846 783 834 830 837 833 803 854 828 852 821 854 833 839 836 837 863 831 821 851 847 837 861 825 821 831 842 861 843 837 845 846 861 838 840 825 851 845 859 827 818 802 841 832 814 807 829 850 825 830 857 831 840 843 853 808 817 840 848 845 844 822 842 847 843 799 
507 818 827 836 829 867 841 860 849 868 839 833 816 852 863 848 840 861 843 854 856 848 819 834 838 842 828 824 882 840 844 839 862 870 858 874 814 823 824 837 833 843 850 838 856 829 818 817 818 812 846 800 856 801 876 850 814 842 863 846 850 864 848 822 858 839 805 813 818 865 840 854 813 843 849 847 823 840 855 807 812 853 820 808 877 833 830 847 847 843 858 854 847 845 845 850 850 849 856 842 833 
504 829 842 837 831 831 846 851 829 805 845 812 838 826 824 843 847 846 834 833 834 843 828 880 839 828 864 847 859 815 811 846 860 828 846 816 840 854 848 810 835 837 820 856 824 832 826 859 820 813 860 813 845 867 822 845 870 849 845 833 802 858 820 832 842 827 836 889 844 822 832 837 870 843 842 836 826 862 858 843 883 833 799 843 847 812 851 839 832 865 840 786 847 837 837 863 833 841 829 835 824 
527 847 823 828 839 841 826 834 829 822 829 846 808 842 839 854 867 840 838 862 829 869 831 811 874 814 869 823 850 836 814 836 846 882 851 847 849 848 837 816 847 832 857 860 835 840 847 863 852 867 840 825 839 840 847 821 826 844 829 871 856 824 837 852 835 821 841 801 860 849 806 853 823 831 844 875 824 857 851 865 874 832 842 862 849 829 812 832 832 837 833 817 822 866 840 860 835 830 814 856 865 
499 842 847 848 830 848 819 788 838 841 834 834 870 851 833 841 826 836 865 891 838 859 834 821 856 842 823 847 834 832 839 812 853 813 843 838 857 833 831 864 867 853 830 852 820 845 864 828 827 852 865 860 846 842 834 841 869 840 861 835 829 805 835 861 855 843 828 817 843 863 843 833 834 831 824 806 831 835 860 848 821 819 835 837 860 830 820 838 829 859 861 836 856 844 800 824 835 830 818 822 818 
474 834 819 818 854 854 854 851 810 858 806 867 852 865 829 847 823 853 852 798 850 844 880 864 839 861 849 850 864 836 846 809 850 789 818 830 842 851 852 888 840 828 838 814 839 862 869 845 819 859 835 806 830 817 833 838 845 857 853 849 880 851 837 850 818 840 825 813 832 837 842 842 817 882 850 861 838 856 804 806 844 845 864 841 848 843 848 839 812 811 866 835 815 827 840 833 801 830 803 834 840 
527 848 829 842 830 854 830 852 834 851 841 826 828 838 811 818 820 846 848 827 824 834 855 834 846 832 831 841 802 821 864 884 839 844 830 847 857 860 830 860 826 851 840 873 834 821 843 839 843 846 866 847 816 835 842 790 827 841 851 836 835 829 849 832 848 852 878 824 854 852 821 855 841 852 827 835 848 840 848 841 844 878 831 838 789 830 865 842 847 875 839 833 828 870 807 833 808 847 866 853 843 
481 855 865 838 829 858 848 853 827 819 832 804 870 850 848 872 847 825 831 838 827 823 847 840 847 855 814 848 860 845 844 856 836 854 844 844 859 822 838 837 857 828 826 829 811 821 823 814 845 850 830 826 840 815 835 847 848 860 809 855 790 852 829 875 812 788 846 835 874 825 833 839 839 833 808 841 839 846 858 855 818 853 871 867 829 814 837 830 853 822 806 833 829 836 854 840 846 844 858 822 850 
507 849 859 836 840 843 811 858 880 840 844 848 853 844 815 829 817 848 847 901 811 840 842 835 831 820 843 820 815 826 850 820 848 869 811 865 847 850 844 849 829 859 857 857 813 842 845 865 859 873 847 867 832 848 842 830 835 829 820 883 803 844 840 835 853 820 828 797 816 835 821 850 811 849 869 832 854 853 847 834 856 836 823 869 846 859 813 814 835 835 823 808 838 830 827 839 887 828 842 822 865 
505 841 841 828 842 840 832 850 833 821 861 850 860 832 857 846 830 826 872 845 834 833 860 845 786 836 807 858 828 810 831 865 821 807 790 829 852 826 840 854 856 835 845 806 841 830 881 855 868 854 832 821 818 843 825 845 789 808 857 846 812 852 844 839 818 819 827 844 844 827 811 850 831 840 859 840 851 839 862 846 825 842 830 836 843 860 835 822 806 809 854 836 835 856 852 826 804 863 851 841 844 
506 852 867 829 825 861 853 812 844 841 842 791 870 837 827 819 826 825 812 833 833 825 852 836 840 867 881 843 839 850 823 840 872 853 852 837 853 821 882 803 809 853 857 874 819 823 839 820 857 842 862 838 831 853 827 864 859 848 836 860 835 865 845 870 832 819 838 815 813 844 853 828 834 838 832 832 858 821 832 829 841 854 820 808 818 851 814 841 860 830 843 824 818 823 874 843 805 822 842 833 853 
537 822 838 853 839 851 824 844 845 823 817 845 834 816 827 854 825 819 838 836 866 855 802 864 852 867 856 898 817 843 814 881 835 839 849 853 872 845 829 836 834 821 826 861 810 848 852 825 852 830 844 834 789 863 853 862 840 860 844 853 848 836 837 811 832 853 846 829 847 820 810 842 815 833 820 848 828 865 855 829 840 828 841 805 874 851 862 837 834 857 845 844 841 836 844 831 824 859 821 843 820 
