478 877 853 842 829 837 860 840 859 831 869 839 871 834 814 838 862 842 852 864 833 837 849 853 870 867 827 859 887 862 882 864 858 861 886 842 846 865 820 850 860 845 869 798 861 889 833 868 837 895 817 836 893 844 874 831 859 858 859 856 861 831 859 849 852 858 871 868 837 864 867 854 837 848 866 827 838 876 837 848 896 843 854 850 853 859 862 871 849 872 866 856 837 842 854 864 871 832 837 843 866 
485 868 849 869 855 858 813 828 838 865 867 865 850 836 862 864 836 877 836 860 818 871 877 829 855 846 836 846 859 877 842 852 870 841 833 869 856 811 838 849 831 825 816 856 836 869 838 866 875 841 864 837 874 877 846 883 875 867 829 833 851 851 843 882 846 827 838 874 869 828 859 838 847 863 824 844 840 841 865 869 831 851 832 863 843 829 827 854 882 843 855 858 868 854 887 859 830 857 877 818 835 
501 830 835 834 837 874 828 863 863 879 851 882 831 865 850 884 849 855 873 884 849 871 866 843 872 865 819 860 858 846 854 831 912 855 848 830 862 861 849 838 873 875 846 855 867 837 867 849 807 849 855 850 859 817 818 872 854 877 838 892 860 841 855 845 839 822 860 872 846 831 823 852 832 800 857 843 830 813 866 884 861 846 898 845 852 806 879 861 860 873 834 861 866 852 864 834 874 864 865 860 854 
473 851 876 889 883 879 848 886 875 872 854 841 861 861 859 848 827 823 833 834 831 838 866 814 852 846 821 834 884 841 824 860 868 816 846 826 837 840 858 861 870 860 857 829 868 863 867 856 866 835 832 883 833 834 840 853 839 859 851 853 846 814 863 891 872 863 851 841 832 884 857 870 850 843 872 841 845 817 841 873 853 867 861 857 859 867 878 857 835 844 872 842 842 851 883 840 878 860 874 855 858 
490 830 882 878 857 887 852 853 853 867 849 865 841 871 848 851 851 849 825 816 839 868 856 841 853 865 871 837 893 870 842 853 858 833 855 870 878 852 852 861 857 851 842 841 821 842 858 891 827 867 834 840 835 853 866 856 844 858 806 845 841 883 859 847 822 846 850 882 864 794 851 853 873 851 844 827 825 832 839 848 858 826 853 819 845 885 831 853 859 878 859 855 876 842 858 874 836 859 853 841 848 
501 848 830 849 875 882 860 865 865 849 854 872 867 848 857 858 874 878 842 869 834 832 873 865 811 825 858 858 852 836 822 820 855 846 845 856 829 839 839 848 868 829 839 841 835 855 870 857 856 837 891 861 819 865 870 854 845 856 864 845 843 821 835 838 830 855 822 853 855 846 872 859 834 860 862 846 849 870 861 817 845 816 858 819 842 837 848 826 834 865 841 853 859 862 810 846 837 852 873 878 838 
484 860 836 860 850 842 867 872 863 819 836 833 846 838 852 865 850 821 849 833 841 865 839 876 845 879 847 866 850 842 820 837 860 839 855 849 865 865 859 881 849 865 845 817 865 844 829 849 839 850 879 862 875 844 864 856 856 874 831 846 850 872 883 840 848 856 862 841 840 857 804 875 846 890 848 853 858 869 876 877 875 833 844 848 856 862 840 824 830 839 848 849 872 842 845 828 844 880 840 878 864 
491 803 842 839 848 834 871 857 850 882 880 858 841 845 870 849 851 887 853 846 857 837 854 837 848 872 878 844 862 858 843 854 831 854 873 853 831 851 853 840 820 861 850 827 835 858 850 878 869 865 854 857 841 827 858 864 859 847 855 821 865 845 845 851 841 867 852 820 845 838 875 841 848 830 842 832 837 867 844 853 803 836 855 841 838 868 814 843 875 849 870 883 843 845 826 839 857 819 837 849 841 
516 838 859 840 852 811 878 857 880 868 848 833 866 843 858 859 854 879 873 829 832 884 812 820 821 862 840 870 832 875 843 854 842 872 852 864 849 849 827 842 871 859 864 840 861 861 827 851 844 850 861 847 841 845 831 844 871 848 857 884 853 844 868 833 863 868 843 870 839 843 852 877 857 839 860 842 823 872 850 873 866 872 849 830 836 845 861 876 861 886 833 816 867 861 866 878 834 860 868 848 854 
482 857 864 873 822 823 846 880 825 847 831 842 835 861 871 841 858 860 860 880 855 830 848 836 878 860 848 873 852 898 873 875 814 831 846 857 827 853 842 850 822 901 836 843 839 860 848 872 855 876 844 823 881 874 837 819 859 873 874 827 849 833 858 860 867 835 845 856 834 824 830 863 850 857 854 828 821 859 850 840 875 884 855 886 895 863 855 834 859 854 829 870 846 856 835 846 862 861 859 853 855 
481 868 853 856 828 844 889 841 858 857 881 849 869 817 864 862 842 860 855 851 886 883 867 857 840 879 890 828 873 860 849 840 858 829 866 847 853 852 829 848 832 834 837 867 874 873 853 803 863 896 887 863 867 838 859 848 828 842 858 868 868 848 824 868 828 858 839 843 866 842 852 836 845 856 822 848 881 860 856 843 825 870 834 824 858 847 844 859 875 836 852 878 883 832 882 839 872 882 862 857 859 
515 857 841 858 887 843 862 865 847 855 842 834 854 828 852 860 894 876 857 827 862 858 881 849 810 868 869 884 826 879 853 851 881 858 877 863 850 875 891 856 841 865 862 842 850 861 861 903 870 834 844 863 843 870 848 860 880 836 861 861 869 846 878 851 855 870 833 865 846 835 836 820 864 862 872 826 855 902 881 835 854 870 854 844 841 864 850 818 837 895 892 851 808 836 853 849 877 826 857 847 857 
491 838 840 817 861 861 840 840 883 858 856 837 862 842 864 842 839 834 848 856 843 868 854 836 859 816 842 836 851 845 855 836 839 869 858 832 878 856 836 837 860 821 845 828 866 901 860 832 867 901 864 843 890 849 879 825 847 847 837 833 853 861 876 829 840 845 872 875 829 852 865 844 848 850 854 837 857 880 846 840 869 859 863 862 845 844 851 835 868 864 849 831 858 856 874 861 858 851 854 852 859 
514 853 844 858 849 860 832 839 841 863 844 859 846 871 830 862 846 877 836 854 815 840 825 827 831 845 865 850 855 860 862 834 859 836 846 824 862 831 867 842 819 877 871 821 885 854 846 850 880 880 837 859 832 870 874 817 849 847 888 854 848 839 833 858 865 825 889 848 795 849 859 854 869 867 845 873 866 821 860 866 834 850 863 857 861 868 836 861 843 844 845 855 845 866 866 848 875 863 826 847 848 
492 845 843 840 867 849 855 881 839 861 826 832 813 867 856 873 824 863 847 830 864 829 840 846 844 858 832 866 845 851 840 873 872 847 849 831 860 882 843 825 860 860 818 840 872 871 858 844 874 850 847 831 852 865 866 850 823 841 838 868 886 851 851 879 828 836 866 836 875 872 882 832 841 824 849 843 877 840 829 881 857 828 869 850 844 857 878 836 841 826 814 809 839 862 870 857 848 825 883 846 821 
480 857 844 853 831 886 864 833 844 864 846 845 862 815 837 830 885 862 853 842 868 904 849 870 835 882 869 855 854 868 854 843 843 845 835 860 859 862 862 854 845 827 848 828 873 866 833 811 875 863 869 862 834 854 842 851 855 838 857 871 847 854 862 836 841 844 864 904 839 841 845 851 890 860 847 866 840 851 850 851 860 821 851 851 871 853 863 845 856 847 846 850 856 862 877 850 840 852 873 869 834 
483 861 807 866 853 865 871 874 871 860 872 845 872 830 868 855 856 849 865 822 859 833 843 863 879 845 862 856 850 890 841 867 866 864 857 845 837 826 860 832 854 849 841 864 870 837 856 879 849 852 884 839 864 859 860 856 849 831 869 811 838 875 832 858 881 844 874 882 854 873 827 879 869 831 868 863 840 894 847 869 850 856 860 872 855 865 898 878 866 868 859 848 816 838 855 843 844 873 860 828 869 
501 848 879 837 870 848 841 857 860 874 854 865 859 848 843 847 831 841 894 894 869 868 842 860 859 889 860 856 852 820 873 861 834 833 869 887 849 863 838 853 862 879 848 845 824 853 867 859 842 814 852 903 850 850 826 845 847 866 869 862 851 876 858 845 853 870 846 822 828 858 826 837 844 859 863 870 854 872 824 856 827 872 887 864 866 805 865 872 860 852 825 858 866 889 882 855 853 888 844 860 859 
501 867 825 873 855 857 875 833 836 845 845 857 867 829 845 851 850 875 851 892 881 844 867 859 862 850 812 850 842 831 838 820 860 830 833 853 836 819 837 846 865 856 865 908 845 846 855 870 871 856 835 850 875 859 845 847 868 841 845 831 868 835 859 852 861 836 854 829 854 838 863 854 851 843 893 855 824 831 849 855 836 884 860 865 830 853 859 855 869 879 853 820 859 870 845 812 838 837 848 890 866 
490 834 882 844 839 873 849 840 879 834 851 838 870 861 845 857 865 840 865 858 857 850 865 881 837 876 849 878 853 883 875 874 834 866 835 867 866 879 833 847 849 834 846 854 837 855 811 828 834 866 817 858 848 874 848 866 811 892 829 837 853 849 860 852 857 850 865 826 824 874 867 876 841 869 875 816 877 856 866 872 862 854 865 878 870 817 799 850 847 853 832 852 835 856 853 853 867 863 829 820 842 
