503 874 864 887 880 865 875 887 868 883 841 885 857 876 869 890 885 888 862 854 889 849 871 894 847 826 849 842 859 844 869 872 903 883 857 882 850 842 888 880 831 858 855 860 880 838 844 855 858 884 865 901 888 892 856 844 917 873 893 858 886 850 880 866 906 872 887 853 896 869 884 884 825 876 877 917 851 836 871 859 895 888 887 892 885 873 858 868 847 898 873 870 859 846 861 891 856 867 889 881 861 
513 874 855 862 892 864 881 856 874 881 850 857 867 827 850 876 874 847 880 876 859 867 870 898 895 853 840 877 861 865 840 883 861 861 894 895 874 877 875 887 862 847 867 867 851 870 863 865 892 877 894 864 863 871 873 847 876 843 865 889 883 851 871 870 863 856 851 867 875 888 868 850 898 879 849 871 894 874 866 849 859 879 882 876 860 851 888 870 876 893 827 853 851 879 871 836 888 860 820 881 896 
490 887 840 880 836 877 858 895 872 866 846 876 886 850 900 856 873 855 909 842 861 860 857 879 877 878 865 856 837 842 875 863 885 833 844 846 843 825 850 855 870 868 848 854 874 852 893 865 866 836 857 839 881 874 878 844 885 882 873 885 874 868 829 855 849 897 875 864 867 863 855 837 884 886 830 882 880 868 857 884 877 849 832 870 892 869 850 892 867 875 870 893 855 837 882 863 835 891 853 873 858 
492 889 878 859 866 855 862 850 884 846 856 893 849 854 870 867 888 884 874 835 856 864 853 848 839 850 859 884 843 864 882 882 872 868 833 872 864 911 835 877 842 846 882 847 849 878 877 877 888 869 887 857 850 855 887 888 897 877 888 864 849 861 829 863 857 865 860 863 844 844 870 879 851 872 862 887 863 868 877 871 866 836 883 852 849 916 864 846 818 874 857 855 881 861 886 849 872 888 857 847 879 
505 877 883 838 869 845 840 864 865 877 860 862 876 885 879 870 868 872 859 848 863 876 840 848 857 859 876 846 858 869 854 886 866 834 869 892 857 827 861 865 862 871 852 851 866 870 873 861 860 866 879 853 888 870 847 876 875 864 873 855 894 897 887 831 911 865 882 870 894 852 861 858 887 864 862 866 852 865 879 867 873 867 865 867 864 845 851 847 873 853 830 889 883 874 876 875 845 870 843 839 852 
496 860 861 876 863 875 887 810 879 871 888 870 856 850 829 870 843 836 872 875 857 862 848 852 826 854 860 868 876 881 883 849 869 889 875 857 887 851 862 862 841 850 873 860 883 877 863 852 884 836 845 840 849 862 902 868 844 849 854 849 861 892 888 855 863 862 909 884 857 864 852 851 866 877 863 850 844 833 881 846 863 888 868 910 844 838 836 863 868 836 845 865 880 886 875 858 875 888 829 868 876 
509 858 873 886 877 881 891 888 879 877 870 875 879 891 873 883 868 868 891 872 893 858 835 862 860 851 883 864 859 860 835 883 845 847 890 875 838 867 858 882 872 857 865 869 851 857 860 866 855 848 843 875 867 847 864 871 891 884 889 846 882 861 886 880 865 901 847 868 876 893 874 868 863 866 857 892 859 876 862 871 844 872 864 864 872 871 856 854 874 873 880 886 885 884 863 837 857 862 858 839 877 
502 865 882 873 858 884 894 863 867 885 898 850 885 851 842 847 905 846 868 869 860 882 895 867 862 865 863 871 896 887 877 879 867 866 825 862 877 857 856 874 883 866 885 901 874 880 903 869 862 875 878 860 841 855 880 868 841 884 872 857 849 859 872 861 870 873 877 838 873 863 881 868 893 871 861 878 859 874 846 868 847 860 866 856 859 866 892 882 858 861 878 887 884 852 886 855 886 870 847 848 861 
514 850 856 905 887 837 854 859 830 866 853 886 882 879 888 847 855 858 855 859 882 868 878 864 879 881 883 862 854 856 859 876 876 880 848 869 883 889 848 875 864 887 849 868 881 833 886 875 907 886 887 854 853 872 851 888 851 860 897 879 852 886 870 870 895 852 854 872 832 897 888 843 883 857 857 881 901 876 866 867 858 842 871 858 890 880 885 858 864 862 879 868 880 879 876 891 907 879 852 852 873 
514 865 870 874 851 885 859 859 835 874 860 871 877 825 868 863 899 867 881 891 855 852 897 848 890 860 885 891 859 894 880 839 878 859 858 844 863 867 878 906 851 849 868 864 869 862 860 871 886 874 902 877 881 864 847 871 835 850 872 866 886 861 883 869 858 849 849 857 856 856 857 889 855 883 860 898 854 879 867 874 842 848 854 883 858 848 862 860 854 865 900 841 866 863 834 858 868 858 874 895 850 
492 909 887 908 859 842 886 886 869 879 874 836 851 869 897 878 870 885 844 865 880 861 882 890 878 868 852 882 877 874 869 858 856 864 854 890 866 872 855 834 864 872 859 898 875 861 876 861 879 889 852 850 869 897 853 885 878 855 878 863 875 855 865 875 862 864 850 837 880 837 854 885 891 852 851 848 868 876 861 902 873 893 880 878 879 847 904 886 831 870 904 878 879 845 878 851 893 900 849 891 889 
497 858 856 850 840 871 826 849 864 852 878 870 862 861 841 845 846 873 861 872 854 878 868 862 887 875 883 862 822 867 881 884 862 872 876 881 850 884 886 845 861 881 868 878 863 843 861 877 870 858 885 858 875 889 864 879 828 821 869 872 876 862 874 838 861 883 877 853 883 836 882 835 855 883 865 913 874 885 865 856 868 850 856 897 899 846 890 850 861 871 910 861 863 851 895 839 864 888 869 867 864 
480 896 870 874 884 839 867 863 871 838 865 874 834 858 870 850 857 852 874 868 864 868 860 866 847 843 862 869 863 882 886 872 855 822 857 838 869 874 866 841 881 844 844 854 870 861 872 866 864 877 855 901 860 876 856 858 863 887 868 844 905 856 873 872 861 866 906 890 842 878 829 859 856 876 876 865 835 857 875 891 854 873 897 862 883 858 851 867 817 892 883 880 845 868 865 870 831 851 881 848 819 
481 874 889 840 848 867 880 848 865 870 862 857 876 876 869 882 860 864 880 873 862 887 881 881 861 860 853 886 858 839 880 862 862 847 856 863 876 873 877 875 867 870 845 864 862 879 910 852 867 864 865 885 886 858 884 878 854 894 894 862 858 868 836 858 861 870 877 896 840 882 873 873 880 880 839 879 837 873 872 803 843 878 864 848 841 872 875 888 892 879 883 819 877 875 879 873 885 825 861 912 837 
512 898 862 861 860 881 854 856 894 857 871 867 850 890 851 860 885 833 857 836 878 878 896 876 837 876 901 858 873 858 830 881 840 858 869 872 894 854 852 827 875 861 859 865 873 879 865 875 855 858 856 866 869 907 877 879 858 883 876 876 855 886 879 900 829 861 894 864 858 867 877 837 886 854 863 865 865 871 880 855 870 871 877 865 846 876 892 816 831 837 864 864 884 866 870 828 881 862 876 855 867 
515 856 848 875 885 907 869 893 871 846 874 864 922 859 889 862 902 863 829 879 900 879 862 860 882 890 871 900 877 856 870 863 868 862 862 869 865 898 863 879 848 870 871 891 883 848 854 843 843 879 856 875 860 873 828 866 875 844 841 873 883 891 867 856 845 866 864 870 858 885 870 858 834 846 836 880 867 840 877 901 864 867 852 902 862 872 840 903 852 868 864 878 849 873 882 868 857 857 875 848 886 
478 892 855 865 888 871 875 874 881 839 872 881 875 850 848 876 873 892 860 856 861 871 866 891 888 872 862 860 860 877 899 851 879 861 887 827 852 857 866 869 857 870 887 865 856 876 889 874 877 854 852 871 858 862 880 850 841 850 864 865 854 850 885 873 861 862 899 822 875 883 864 867 876 862 860 877 881 864 871 846 836 855 895 857 884 862 840 861 852 847 888 842 874 875 880 895 876 870 887 865 883 
496 853 873 880 890 877 895 869 868 907 851 878 840 891 824 888 880 894 842 881 855 859 826 853 862 857 839 874 894 881 868 887 871 823 887 879 866 890 843 883 886 837 855 844 854 849 839 866 876 867 865 864 862 864 862 891 869 871 870 878 865 851 854 851 854 910 891 847 882 859 833 868 866 825 870 874 892 868 867 871 831 877 858 876 880 872 858 860 829 862 872 863 864 866 871 849 866 876 883 866 898 
507 852 855 841 875 898 885 888 850 887 883 882 898 856 888 891 850 868 861 852 884 863 868 842 868 868 869 812 853 885 869 862 889 873 872 840 854 857 860 855 870 858 870 872 865 868 862 856 842 852 870 875 848 850 851 833 878 863 858 854 857 836 903 860 870 863 866 864 857 888 885 873 894 858 855 868 885 850 884 879 844 865 876 870 873 844 860 839 872 891 875 857 876 867 868 839 856 866 816 890 838 
519 880 896 844 857 852 865 870 843 878 861 881 898 860 860 898 866 862 866 865 874 859 849 872 887 897 852 825 896 839 879 874 874 810 852 906 876 885 845 883 881 894 849 858 857 869 841 840 875 866 868 864 861 863 889 838 920 855 891 851 878 845 843 866 844 884 863 874 865 860 862 873 831 886 890 852 854 856 868 862 871 843 852 876 865 876 843 875 852 859 842 840 878 867 884 830 867 853 871 863 852 
