501 869 906 898 885 878 854 874 881 895 891 897 890 880 880 904 881 889 864 906 893 854 863 881 852 892 848 855 862 890 875 886 883 880 891 861 874 904 868 893 902 894 878 853 893 857 892 875 867 869 859 927 880 861 851 890 871 867 869 875 858 899 891 888 883 869 890 861 887 896 882 880 891 878 883 871 887 887 887 866 897 899 885 876 878 873 877 869 865 915 879 880 886 874 895 890 866 875 903 860 877 
515 898 895 879 895 900 874 883 903 866 861 899 894 884 885 839 869 868 886 870 899 880 882 868 869 883 883 881 891 898 890 909 881 883 869 916 860 859 882 898 871 882 890 855 874 851 869 896 904 870 907 863 896 892 880 897 883 889 875 863 872 894 848 904 897 861 882 878 881 901 889 875 878 894 900 895 864 906 879 910 894 891 882 884 868 870 880 874 868 866 855 877 902 905 904 897 886 871 869 901 847 
514 870 883 868 869 876 899 889 870 882 859 842 848 863 899 891 900 864 874 871 876 900 867 878 870 883 857 862 896 896 883 878 887 904 907 870 844 884 880 880 898 910 879 858 891 915 890 893 912 863 873 897 830 917 870 915 877 866 862 868 903 853 868 850 845 888 910 905 887 889 868 914 835 879 886 874 895 902 892 888 888 900 874 879 894 906 898 885 865 897 886 853 884 856 860 881 884 923 881 876 905 
525 867 889 883 884 897 884 901 888 898 844 863 873 903 903 890 879 888 910 874 895 898 885 912 880 896 890 894 875 873 878 881 906 897 900 869 881 913 856 893 865 889 881 860 882 890 880 895 887 901 894 891 889 882 894 873 889 879 879 873 873 901 907 846 887 886 849 890 896 897 879 887 888 879 852 856 900 892 895 896 877 888 913 882 885 847 894 865 877 888 892 899 877 867 914 880 847 887 856 911 902 
498 916 890 912 892 888 865 884 871 890 870 874 887 879 866 899 895 866 876 878 877 907 876 884 843 890 872 860 844 855 899 872 846 891 882 902 885 871 911 888 888 879 877 896 899 887 895 905 863 915 885 873 893 890 868 915 875 868 870 866 866 889 854 910 857 882 890 887 844 883 850 884 905 892 894 879 901 880 873 879 906 908 921 883 874 882 900 878 879 886 884 905 867 886 875 906 891 902 885 912 868 
500 904 882 915 866 907 909 874 896 888 866 885 859 861 873 870 896 856 883 915 870 845 878 854 875 888 865 917 876 875 897 864 894 898 854 892 873 872 886 890 879 913 876 858 885 894 891 869 897 856 893 896 903 894 879 864 866 907 914 869 879 876 893 891 890 915 895 892 891 878 878 883 878 884 880 859 869 869 861 840 865 884 890 888 887 858 882 908 869 877 880 858 909 904 905 885 880 866 870 895 887 
497 873 859 858 881 909 865 872 881 879 862 890 885 880 857 900 890 875 854 860 877 917 872 862 874 882 896 897 850 881 840 895 880 850 885 858 883 867 883 898 893 904 875 866 864 885 903 886 870 901 875 898 896 871 891 848 870 887 902 905 873 888 867 909 890 895 867 886 867 900 881 854 899 880 894 887 905 863 900 912 873 863 901 877 898 880 876 886 908 871 889 854 882 856 901 906 877 877 888 903 883 
479 898 905 895 880 880 904 904 882 920 851 889 869 887 869 897 847 858 886 895 882 880 913 909 904 879 892 887 886 893 883 895 881 896 891 877 894 867 853 882 896 874 907 876 893 884 897 889 884 891 883 866 884 913 909 861 878 885 890 900 866 867 886 870 883 915 881 862 886 889 891 885 902 906 856 882 896 888 876 877 874 908 880 901 886 910 883 860 882 855 890 874 877 903 868 884 850 875 888 871 892 
514 859 898 885 854 850 879 885 890 886 873 872 855 907 863 860 894 871 898 885 876 874 873 878 901 886 870 890 889 904 869 910 846 878 867 890 848 875 923 877 885 884 872 874 897 874 848 882 842 914 895 899 878 874 888 902 883 882 894 858 899 905 892 898 897 890 876 888 879 909 876 914 901 899 881 876 869 855 908 911 877 907 882 889 875 870 902 871 897 860 848 857 908 835 871 870 881 878 889 884 851 
503 878 874 861 886 880 871 902 878 873 860 885 898 868 880 875 881 884 897 908 877 882 866 873 896 863 899 905 898 857 859 896 890 879 900 881 885 858 863 871 894 879 866 917 873 890 891 877 893 913 867 880 880 892 899 869 854 890 899 880 879 870 891 899 891 879 897 879 877 872 874 863 874 888 893 889 866 873 888 860 883 908 851 864 869 895 898 893 853 878 901 887 871 868 885 859 878 873 871 903 848 
500 907 878 901 905 890 861 888 892 879 881 881 890 894 860 867 878 879 880 898 894 893 885 883 902 895 862 870 867 863 858 884 874 852 871 860 896 879 855 891 879 877 873 868 888 912 892 894 884 905 895 866 871 851 883 865 892 870 881 869 921 886 874 855 899 891 873 878 872 861 869 866 864 840 916 897 902 852 893 846 892 890 888 865 909 860 859 893 856 901 894 900 863 909 886 880 887 879 902 880 872 
482 842 869 882 842 867 870 880 888 884 889 898 866 878 874 902 910 871 863 893 877 942 884 893 894 902 849 911 861 864 872 887 861 891 886 856 899 869 909 894 868 866 893 915 915 903 898 847 909 886 908 867 904 892 856 892 923 877 879 902 890 893 904 890 886 882 887 907 894 889 896 900 892 888 865 868 897 885 857 857 893 908 883 851 860 897 883 891 909 879 848 899 893 908 901 874 906 912 883 854 858 
511 857 886 864 882 889 850 868 872 887 866 892 892 891 864 896 865 866 859 861 890 894 883 908 842 896 881 891 866 881 853 863 863 867 886 873 878 878 883 897 878 883 900 880 890 876 875 876 873 886 878 865 894 883 845 892 891 908 871 889 888 873 864 881 870 876 884 862 874 893 856 889 872 889 883 884 883 859 866 900 902 875 894 890 865 883 901 869 871 847 879 892 895 891 878 868 884 900 901 889 850 
495 864 888 861 881 885 887 887 883 885 872 890 880 916 894 889 899 896 894 872 890 881 873 908 877 903 872 885 878 893 870 875 871 877 873 883 885 902 874 853 918 870 904 884 875 862 849 842 889 875 851 889 879 850 862 868 884 860 858 877 914 882 914 897 899 891 859 899 894 866 892 881 897 888 873 869 872 876 867 870 881 852 893 865 916 910 881 878 892 870 899 898 893 884 871 900 871 896 880 879 895 
505 870 895 873 881 891 880 889 869 889 894 865 900 885 885 858 880 849 880 904 897 841 881 891 898 890 881 876 884 865 871 885 876 862 851 918 899 881 881 893 876 877 888 897 878 860 866 878 859 877 897 912 886 902 867 921 867 888 877 841 870 887 897 882 847 872 909 848 900 874 891 871 884 899 878 892 858 866 865 892 871 877 889 861 882 869 886 869 911 887 869 891 897 906 882 880 910 880 870 890 874 
537 902 881 897 855 897 861 893 907 901 900 896 886 918 883 879 885 885 876 890 863 876 852 884 892 879 898 860 868 864 877 902 897 868 876 888 861 890 880 879 885 894 887 849 858 870 882 900 876 867 881 869 909 886 879 896 875 874 860 886 884 870 858 868 885 898 881 884 888 879 856 865 872 892 872 865 868 894 859 844 858 883 876 878 853 869 888 860 849 892 896 882 903 890 873 880 881 839 855 892 885 
497 855 902 905 912 863 884 866 875 863 906 872 896 849 871 865 871 914 911 873 880 878 897 872 885 881 897 882 870 873 881 857 866 896 897 885 879 896 900 861 878 890 850 880 874 898 875 891 837 857 865 892 891 881 886 885 881 900 906 875 852 890 879 852 870 861 881 879 874 873 894 883 887 892 896 884 861 887 887 878 878 897 860 897 853 848 874 876 880 866 892 880 912 865 892 893 887 890 892 891 907 
522 881 892 901 877 886 886 894 859 887 884 870 891 890 864 900 874 898 887 881 886 849 883 850 884 888 878 860 901 868 851 877 910 870 877 887 891 881 889 891 875 917 871 879 869 896 903 902 871 893 889 897 892 871 884 905 876 889 887 910 872 871 880 869 889 894 914 843 874 896 889 860 881 854 854 881 893 876 880 887 890 849 883 878 888 883 897 896 909 846 902 868 857 874 886 884 900 861 894 889 925 
471 862 852 876 914 860 870 848 881 904 872 881 847 879 903 906 900 896 894 872 912 883 877 877 903 886 865 904 878 878 888 879 877 878 884 891 903 875 861 885 871 875 859 905 871 881 891 862 868 895 870 886 875 896 888 877 883 879 883 900 894 898 870 865 889 870 898 864 869 857 850 892 873 909 879 894 886 891 886 867 870 868 855 872 877 892 885 874 887 873 891 860 875 860 882 861 878 882 860 889 864 
518 908 877 910 882 887 897 892 870 903 908 880 874 882 882 853 864 910 881 881 860 887 906 893 861 879 887 898 898 882 890 897 902 862 860 903 888 860 904 905 892 894 863 870 869 885 881 897 883 891 874 904 899 876 857 898 830 861 844 873 889 888 901 866 855 867 889 873 870 854 881 879 894 896 863 892 887 908 904 880 882 870 858 890 891 897 896 889 863 867 902 852 880 901 868 884 892 866 872 898 851 
