513 580 572 618 577 591 585 589 610 596 587 572 570 589 585 591 579 591 582 605 592 586 584 570 580 580 602 593 573 572 572 583 581 578 557 574 580 574 569 589 593 569 579 570 590 590 595 583 579 594 574 588 578 591 578 590 572 590 590 587 583 586 589 590 577 581 574 575 576 591 598 588 581 586 588 589 597 587 585 579 600 578 583 591 586 578 590 565 579 566 589 577 595 558 589 593 574 579 598 602 576 
516 635 624 608 621 611 621 619 629 630 632 629 622 624 628 631 635 637 631 629 639 642 638 635 626 616 629 624 618 633 638 625 638 628 619 623 627 627 632 635 612 620 620 620 631 633 622 608 628 625 616 647 624 618 628 614 621 618 624 622 625 637 613 636 639 634 606 629 635 628 647 620 631 635 630 639 638 643 613 632 631 632 612 612 619 636 620 626 640 643 632 624 634 640 620 607 615 617 631 628 625 
515 600 600 604 614 600 611 609 604 591 614 607 607 602 611 614 619 615 608 634 611 596 609 632 610 605 610 596 603 609 590 629 592 605 605 615 628 602 608 611 584 605 617 624 603 598 609 611 598 615 621 592 610 600 613 609 588 615 608 602 588 615 623 605 619 600 620 619 610 604 597 600 631 607 608 619 592 608 608 616 595 597 618 613 609 614 616 622 622 607 590 613 606 594 607 607 605 573 601 612 609 
514 587 574 588 593 598 574 574 587 592 581 581 597 596 591 587 601 588 576 579 602 578 606 596 578 596 606 599 589 594 596 570 591 592 597 581 601 589 571 596 571 585 593 586 566 576 609 598 573 574 588 591 581 604 611 584 608 591 576 575 596 612 599 595 596 582 598 590 593 579 599 580 594 603 597 615 594 573 605 588 602 594 609 581 591 602 584 589 606 598 578 585 577 608 587 594 589 580 597 588 588 
495 620 604 592 598 593 584 592 603 612 595 599 603 603 582 604 611 601 589 597 610 589 597 597 590 613 576 579 615 589 610 614 596 604 589 609 611 592 606 609 611 603 607 609 590 600 612 601 600 601 605 596 612 588 626 599 602 595 607 613 592 620 601 584 613 585 616 590 588 607 620 595 603 592 602 617 605 594 626 600 596 604 583 608 612 594 588 594 607 606 626 576 596 601 606 589 583 589 584 596 582 
505 604 605 614 610 601 599 612 592 599 590 604 592 596 610 626 598 617 598 592 596 605 619 582 594 615 584 615 608 599 612 617 622 601 605 606 595 608 604 584 577 611 607 607 607 597 609 593 576 600 616 606 602 611 616 613 602 601 598 615 587 615 601 612 614 594 607 593 613 582 622 602 583 601 602 597 622 598 603 608 616 589 620 606 601 609 593 586 598 584 613 621 613 599 604 608 610 603 601 598 606 
509 623 612 615 619 624 632 608 632 615 625 622 612 604 632 627 611 626 608 608 598 609 613 613 632 626 616 616 638 602 605 625 624 625 640 616 620 623 615 643 614 615 613 620 604 617 636 603 628 613 620 602 621 607 623 612 604 624 613 635 609 611 613 627 606 629 618 621 625 625 626 601 627 626 605 610 607 598 614 610 619 619 597 616 622 629 621 618 609 617 618 620 612 628 615 625 611 603 629 619 615 
491 599 588 591 605 611 612 602 587 600 598 594 603 615 605 606 601 602 611 601 607 599 592 608 605 596 600 602 588 610 605 618 593 599 589 599 591 606 608 590 590 603 613 590 598 603 589 622 600 612 615 577 600 595 598 585 580 583 587 600 595 589 598 611 592 606 596 619 587 576 600 605 599 609 599 596 603 601 602 607 597 594 599 600 609 608 606 599 586 603 589 589 598 600 595 601 606 588 607 615 609 
504 604 588 607 612 612 594 602 601 613 615 611 629 583 593 616 610 623 588 613 593 618 602 598 604 605 610 601 616 604 599 617 601 606 591 628 599 607 610 600 614 597 616 608 607 608 611 625 612 602 599 603 603 594 611 607 611 591 610 592 613 616 609 606 604 593 602 613 614 590 594 597 602 609 604 624 596 610 604 605 580 607 582 599 606 605 615 590 612 615 583 610 608 610 615 612 609 604 606 613 596 
485 607 602 612 589 602 609 613 591 603 612 611 620 598 626 600 606 584 600 607 600 598 611 609 598 605 603 623 606 592 612 598 601 606 612 613 601 592 586 620 605 571 590 592 613 611 578 575 608 590 605 588 607 596 591 585 593 590 609 609 608 616 617 609 612 586 597 618 607 602 593 609 603 601 596 594 590 613 565 607 593 599 607 604 607 590 600 587 588 590 604 592 589 622 603 600 599 599 607 617 602 
520 613 609 615 631 616 621 606 628 613 627 624 614 606 603 617 634 628 620 606 629 628 609 624 623 613 618 604 611 605 609 610 622 618 624 614 617 601 603 618 606 617 636 628 624 628 618 621 624 611 614 612 610 619 612 624 624 639 617 612 596 599 628 611 608 624 610 631 633 614 625 646 617 625 609 618 629 619 629 630 624 611 615 620 613 627 628 623 615 636 632 600 619 608 617 612 631 619 624 614 615 
497 588 585 561 577 556 569 551 568 568 563 589 572 588 584 566 565 564 585 553 561 574 551 575 566 552 573 575 573 570 551 565 576 564 579 553 591 584 562 576 574 566 579 573 559 590 550 590 584 556 572 558 577 572 583 581 571 573 548 566 567 567 554 548 581 563 557 582 586 581 572 567 578 554 572 573 581 571 562 569 571 558 566 580 567 593 561 569 548 570 551 554 581 563 557 582 581 571 567 557 561 
491 622 592 604 598 601 594 604 592 596 613 600 611 605 602 608 621 613 608 603 612 597 613 592 582 609 626 621 619 599 630 594 593 607 615 621 614 603 611 609 593 591 612 616 604 605 612 614 600 604 604 596 610 609 605 613 612 599 614 614 598 602 611 610 586 614 626 613 595 597 605 617 604 621 617 618 618 613 603 620 611 612 622 611 599 610 611 606 619 594 615 608 612 621 606 600 595 611 608 604 603 
476 577 592 589 581 579 584 576 576 581 572 585 603 590 594 584 572 583 586 590 580 585 591 582 585 567 580 570 571 567 602 576 578 575 587 582 595 579 578 596 578 571 581 595 573 579 574 586 586 577 592 586 578 589 583 585 598 585 566 589 557 604 586 593 577 577 574 579 569 582 596 590 579 557 574 590 575 567 580 581 588 588 575 587 601 570 578 578 593 562 595 592 597 572 586 583 577 587 585 589 581 
499 575 587 581 554 579 587 581 593 587 590 565 590 588 564 573 602 570 590 577 590 584 585 576 588 584 582 595 573 571 592 582 576 572 576 574 575 577 585 557 585 584 583 593 586 585 590 550 572 581 579 575 566 588 580 575 596 582 586 583 566 556 563 595 567 572 587 602 571 553 576 584 558 586 566 565 567 602 583 572 591 585 595 573 586 585 567 572 580 577 595 586 581 585 563 598 566 570 587 577 575 
499 613 616 609 592 593 592 602 587 601 606 600 599 612 598 620 609 614 602 598 593 599 604 617 611 612 634 602 603 601 597 584 613 608 611 604 607 614 604 607 605 610 610 591 609 607 619 595 608 616 601 600 596 606 611 633 590 593 608 618 616 584 614 615 588 605 596 611 596 602 608 605 619 610 605 616 606 612 612 613 617 599 591 612 588 589 592 605 603 596 613 600 611 601 595 615 598 605 615 589 593 
484 576 582 581 594 577 556 570 566 583 559 551 560 566 575 557 562 542 586 587 562 575 575 567 598 572 570 541 568 562 580 551 567 553 565 596 578 564 584 563 586 582 556 563 586 573 589 591 584 584 574 587 550 566 577 560 582 570 570 586 577 556 587 588 566 576 560 569 570 570 563 574 579 579 595 557 590 567 585 572 576 565 586 559 567 589 577 557 553 563 598 577 572 562 578 567 581 577 584 577 585 
476 601 598 600 594 598 596 588 601 603 597 596 603 582 597 580 587 588 600 589 589 590 603 589 590 580 604 604 600 595 605 596 593 588 627 595 593 606 589 608 591 602 593 585 601 599 602 612 609 588 606 597 602 601 595 587 611 564 590 583 592 602 602 619 572 582 592 604 595 609 592 605 602 596 610 621 593 584 604 587 586 598 593 597 584 593 606 590 596 570 614 588 602 605 587 590 592 589 581 609 604 
497 605 608 609 618 601 607 620 596 627 597 601 591 604 599 612 603 584 617 597 598 614 624 582 592 595 603 611 602 629 589 599 607 602 615 636 610 610 612 615 629 620 599 612 630 610 602 608 622 607 596 602 618 597 597 598 603 611 617 606 610 614 618 625 583 590 606 601 617 600 579 624 614 606 595 617 619 606 603 622 607 603 619 598 598 619 618 587 597 610 595 608 604 600 619 583 615 599 624 608 591 
507 617 599 632 615 631 616 624 622 619 613 618 626 619 614 617 611 623 626 623 615 620 633 633 619 612 617 619 635 612 619 626 625 638 623 609 613 633 629 621 619 625 614 630 609 639 633 630 615 624 633 615 591 601 612 638 615 621 600 609 622 617 608 635 616 613 631 632 606 624 628 633 625 613 608 604 621 619 617 623 614 629 631 622 618 622 627 620 631 618 625 598 622 605 624 622 615 612 606 614 611 
