525 911 904 880 910 908 905 885 884 878 904 910 887 901 921 910 907 919 892 884 900 878 910 887 894 909 908 908 897 905 897 909 928 905 912 903 906 914 925 881 866 892 887 918 922 887 907 879 886 844 886 889 932 895 913 901 908 921 890 914 890 855 909 919 881 927 895 925 902 867 898 906 890 877 855 907 875 900 904 898 894 895 882 894 901 891 895 909 903 899 886 922 913 905 866 914 922 921 881 908 880 
508 906 903 896 887 891 916 894 903 913 895 915 892 883 894 873 875 881 905 887 897 891 899 901 913 896 905 901 906 922 878 874 905 878 909 906 901 889 891 887 888 902 896 884 912 888 876 884 863 899 885 908 903 901 909 899 904 864 913 892 889 913 883 897 914 886 900 888 895 882 906 883 895 879 898 912 906 894 886 913 900 878 892 910 867 866 925 886 907 888 876 885 909 914 885 881 906 890 899 917 920 
496 904 905 913 902 889 894 889 903 889 882 892 907 904 874 878 877 885 910 902 902 913 910 918 904 905 888 868 903 892 906 926 905 892 899 890 898 918 915 912 878 880 895 891 913 859 891 888 886 924 895 904 924 903 886 895 911 886 885 882 886 892 904 891 881 899 885 927 884 917 887 891 880 888 916 879 896 882 889 883 876 884 907 916 919 888 870 928 871 901 892 900 901 911 888 893 901 900 923 946 881 
481 878 881 895 899 885 917 884 905 879 906 892 909 903 882 907 909 917 912 894 898 886 907 911 891 901 880 882 922 898 901 899 897 904 881 915 913 905 895 888 906 917 928 897 911 893 912 881 894 870 941 902 897 923 919 881 877 893 880 914 872 909 899 897 896 915 900 908 894 898 887 921 884 886 912 899 921 918 899 923 913 895 909 886 924 929 875 919 907 900 911 885 912 886 895 897 915 906 919 937 897 
502 884 909 923 876 909 913 910 892 932 890 887 886 881 888 860 909 903 906 921 911 900 906 887 907 888 885 916 910 926 901 857 872 896 895 897 891 877 913 882 904 894 886 900 885 930 917 890 914 902 890 896 909 917 915 915 916 894 884 890 903 877 912 889 861 899 897 920 918 899 916 929 903 919 922 910 883 905 878 904 907 874 907 879 921 890 892 904 914 881 903 899 900 910 911 888 886 898 909 882 926 
476 892 895 891 890 923 897 887 914 900 882 917 890 900 904 901 903 886 909 885 898 884 894 936 902 880 916 917 888 908 878 884 897 908 880 902 893 904 900 913 871 915 918 893 873 910 889 903 889 869 902 859 899 921 890 917 863 898 881 919 902 938 892 871 895 886 901 880 895 900 916 897 874 890 896 871 909 872 874 887 914 882 908 910 885 907 897 907 879 917 896 894 863 879 894 898 909 880 909 897 911 
473 895 899 889 880 902 894 922 914 907 875 918 911 861 901 897 896 894 902 913 899 913 886 894 871 885 898 880 909 886 910 908 918 914 890 883 885 890 890 901 880 899 913 900 888 870 902 886 889 909 912 910 882 875 884 916 892 888 896 899 905 905 894 903 886 879 896 882 886 899 893 900 900 901 892 900 895 900 886 907 902 907 901 874 896 879 891 919 928 888 889 911 855 889 909 903 879 908 875 894 871 
496 913 889 899 910 919 905 861 896 871 907 900 893 905 898 909 913 900 890 911 873 897 924 893 909 881 917 922 899 886 923 878 917 875 861 903 900 926 888 874 907 901 873 903 864 887 886 892 876 917 924 881 890 904 913 901 865 921 887 916 890 879 920 907 895 907 886 880 917 868 910 871 891 911 880 923 897 899 900 869 899 906 898 863 902 880 903 897 891 909 888 908 907 905 917 921 902 896 884 912 901 
484 890 903 897 909 871 903 902 934 864 896 909 913 901 882 903 920 889 888 895 902 904 884 910 883 914 889 918 884 884 889 910 905 907 918 870 908 897 916 890 898 887 936 902 883 918 885 874 908 887 897 905 879 894 901 905 915 887 912 904 900 871 887 913 881 899 904 881 881 920 917 904 892 922 914 904 895 919 909 924 896 911 926 907 885 888 874 889 923 897 906 884 913 871 898 894 860 896 878 897 900 
511 898 916 921 886 896 907 903 889 926 898 911 902 879 879 904 911 871 893 902 916 910 900 859 898 911 901 891 911 941 908 895 903 892 884 897 895 916 898 916 876 864 901 907 887 917 921 888 905 893 899 878 909 893 864 890 914 894 912 918 910 884 893 896 901 903 898 909 887 880 889 900 920 905 885 880 899 844 910 916 910 907 906 893 908 912 889 883 909 893 886 890 911 910 902 923 917 911 916 905 904 
475 895 887 881 915 880 899 873 902 906 928 905 901 895 875 915 896 935 898 909 893 877 917 886 899 892 899 874 904 892 903 895 885 881 874 888 896 915 893 912 902 877 927 903 889 880 899 892 886 931 919 897 912 886 898 873 909 916 893 879 907 893 897 894 903 873 906 901 902 917 896 896 882 912 901 901 866 922 895 898 911 890 904 870 885 897 891 901 902 874 893 917 895 913 886 920 876 885 874 906 887 
493 918 923 918 888 909 904 897 900 897 906 875 891 890 889 839 936 901 905 891 882 894 886 881 907 908 905 893 908 902 873 913 907 892 883 909 900 894 912 891 886 903 904 908 908 882 894 906 885 876 917 927 915 917 899 898 899 900 898 924 898 904 911 898 914 868 888 917 866 919 915 869 907 897 924 872 898 885 884 875 906 918 909 902 893 909 890 925 914 905 910 874 856 890 916 919 902 888 883 905 916 
506 890 912 903 890 897 909 901 883 903 919 879 884 908 891 867 900 910 899 903 896 900 869 907 900 905 904 882 926 906 920 881 900 885 913 899 881 896 919 918 879 933 902 894 885 904 871 897 909 882 905 873 893 889 890 898 903 897 909 923 910 871 910 926 874 900 906 888 905 939 911 907 920 882 897 874 905 875 925 883 907 891 895 869 867 868 898 931 917 856 893 911 874 890 876 892 911 857 898 909 887 
501 857 898 857 874 920 888 917 870 903 868 889 913 880 927 898 892 895 926 927 881 886 929 902 895 923 880 904 883 905 877 906 905 908 900 865 912 897 918 910 899 911 894 886 907 896 919 875 881 891 868 872 912 908 892 909 915 918 895 898 884 890 930 895 903 899 897 885 902 859 898 893 897 926 905 911 887 914 916 898 890 888 856 920 899 888 894 883 868 867 913 926 876 884 876 909 911 902 893 903 875 
510 897 887 893 902 911 888 888 894 894 876 887 878 903 920 889 946 930 893 896 898 889 907 890 908 896 897 915 905 880 885 892 897 916 913 887 902 888 904 882 915 889 899 906 888 897 899 896 893 871 892 900 907 907 901 894 907 896 906 898 906 902 896 894 935 916 893 893 896 904 889 870 905 891 898 898 926 890 872 891 883 893 906 890 904 895 893 887 914 885 882 891 895 897 887 890 879 910 927 894 890 
499 888 888 876 903 884 909 904 915 896 924 897 892 934 920 875 913 904 899 908 907 907 871 878 873 859 901 900 901 924 896 906 883 908 904 885 903 924 898 913 871 896 901 876 901 887 895 877 903 900 896 906 889 885 905 906 876 904 911 903 892 895 909 890 877 889 867 930 900 895 905 910 877 881 881 918 890 855 905 894 917 900 903 914 898 879 895 902 898 869 887 885 902 897 905 891 869 904 925 884 887 
501 901 875 887 868 894 907 882 907 897 874 882 873 902 886 926 881 890 896 922 872 878 930 907 909 914 916 872 893 904 904 925 908 885 911 890 891 900 910 889 903 894 863 920 870 909 910 907 898 916 898 874 889 909 903 903 901 901 881 899 894 934 904 897 899 923 914 906 940 902 898 896 894 896 887 880 900 876 907 890 888 872 908 912 893 871 890 904 874 889 906 892 893 914 896 897 898 896 897 918 872 
482 925 874 909 902 892 892 895 900 911 886 871 892 851 902 891 895 927 877 900 910 898 921 903 870 911 924 908 887 923 894 875 871 919 890 898 893 902 891 915 903 933 881 886 881 887 903 885 879 883 899 913 930 904 888 884 929 870 894 903 911 906 894 857 910 895 884 890 915 890 884 898 899 874 857 898 924 886 883 881 906 916 894 884 880 906 897 913 905 879 896 896 915 891 890 902 904 907 917 877 924 
514 912 883 912 909 881 915 892 911 863 900 907 896 913 891 921 875 899 908 877 872 913 905 905 923 906 894 899 893 901 919 907 876 892 909 916 900 895 896 898 862 894 919 893 892 888 875 901 923 929 893 894 907 898 861 897 882 897 911 897 926 893 855 899 918 893 917 932 890 890 885 914 899 918 894 924 915 901 883 896 850 892 920 896 901 894 911 898 904 909 915 894 901 904 940 892 892 909 876 914 896 
531 896 914 902 929 903 909 906 910 853 912 921 908 892 913 909 923 914 902 902 899 898 863 928 885 900 893 911 916 879 895 906 904 879 898 863 898 895 926 907 888 912 895 899 895 887 909 878 873 908 900 876 896 862 900 898 896 879 901 906 902 900 928 915 887 899 869 897 928 881 912 891 897 877 902 897 869 879 878 885 911 922 887 884 883 899 907 899 878 897 893 935 913 880 892 897 929 896 895 896 890 
