520 915 910 912 911 927 926 952 927 912 890 919 913 925 921 913 912 920 896 922 907 903 885 917 917 901 865 930 903 935 923 897 915 908 931 925 915 891 922 910 917 905 911 939 908 901 930 907 928 919 915 925 897 935 918 883 934 908 907 896 943 922 920 915 934 924 909 916 903 915 927 929 907 917 928 914 922 916 916 903 900 919 942 915 895 911 902 897 925 913 912 942 916 897 925 902 927 901 910 946 914 
499 908 870 921 926 910 909 931 922 936 894 927 910 928 934 932 909 916 901 936 908 908 941 919 923 911 920 921 925 906 932 894 910 926 887 892 922 895 916 908 896 910 930 941 927 912 920 931 891 910 902 915 934 920 918 902 897 941 912 916 923 942 893 926 916 908 918 935 908 931 913 921 919 910 914 890 932 925 915 901 914 913 918 927 938 904 900 900 931 906 929 889 897 898 912 904 944 920 939 914 918 
492 928 905 907 911 909 910 930 912 892 918 912 909 933 929 915 924 934 922 905 920 917 908 906 925 921 913 911 916 900 912 899 895 912 903 923 891 920 916 889 937 930 917 905 917 923 898 905 900 942 917 920 926 938 901 907 906 896 909 916 919 913 929 915 903 923 899 920 912 915 904 929 886 902 922 914 923 896 916 918 880 925 939 946 924 918 922 903 928 937 908 895 890 925 941 913 917 931 938 925 889 
497 932 915 923 914 913 923 920 905 927 896 920 926 931 931 913 924 909 902 902 887 906 888 916 914 902 908 888 888 915 917 935 891 920 909 907 896 923 937 918 918 935 925 903 892 927 903 909 906 918 914 914 906 896 920 910 931 893 892 916 943 894 904 933 909 908 902 928 911 900 930 916 910 913 938 917 917 944 913 913 927 897 941 908 935 917 909 925 914 913 909 941 906 868 904 932 899 919 892 923 893 
490 934 914 910 909 906 929 927 895 935 900 940 918 918 893 905 900 932 908 914 919 923 933 923 930 912 925 942 926 917 936 893 917 908 922 918 923 934 908 923 890 911 913 906 925 939 918 907 925 907 916 923 900 904 900 908 891 919 901 924 915 901 907 897 912 895 903 928 921 923 918 941 918 955 923 906 904 933 930 905 883 930 941 911 915 908 930 902 923 915 924 914 910 897 924 922 924 908 913 911 932 
482 937 906 907 936 890 923 923 907 897 913 932 926 902 896 894 910 909 877 929 906 925 909 936 910 895 912 901 918 932 943 890 900 909 911 923 935 931 919 914 893 935 921 896 921 899 934 908 946 911 917 918 889 906 916 889 889 928 906 928 919 924 889 909 926 922 893 879 921 917 908 931 881 928 928 904 933 909 926 912 906 934 918 900 908 906 911 917 917 920 928 929 925 900 924 928 918 930 909 903 927 
512 906 913 922 930 927 936 923 933 920 925 892 900 925 926 908 940 910 919 916 937 949 890 922 899 899 915 923 906 938 915 909 912 916 943 921 910 893 914 903 897 900 939 926 905 926 901 910 912 896 934 937 903 898 914 920 919 920 914 929 927 910 935 943 934 901 916 937 926 924 905 906 899 926 870 926 913 921 922 905 916 913 905 908 930 908 924 898 887 927 877 923 911 911 938 916 915 917 912 932 930 
503 897 912 933 911 911 910 908 900 924 908 930 912 929 914 898 928 926 919 907 905 900 905 899 888 914 931 904 893 934 908 897 901 908 902 934 904 922 917 918 908 915 920 908 885 916 889 904 907 906 930 925 892 904 918 883 911 920 934 903 922 903 900 911 918 912 914 914 932 931 902 942 922 909 907 913 903 929 901 923 885 937 917 909 908 927 914 926 902 926 901 927 927 918 933 914 911 906 902 916 915 
501 921 904 923 913 915 928 909 919 940 921 883 934 908 894 887 903 924 912 918 923 916 903 927 904 890 910 914 894 918 937 924 905 915 929 917 910 893 902 873 911 924 896 915 912 901 917 923 924 922 919 908 932 904 933 927 897 944 938 914 933 925 915 940 937 895 918 907 906 917 941 931 912 899 922 915 902 938 908 898 925 926 906 900 913 920 915 907 891 915 888 931 915 924 912 893 890 942 916 910 912 
461 927 920 943 922 920 924 922 919 922 927 903 930 922 912 916 905 926 911 904 900 900 914 913 891 926 922 912 931 920 918 891 911 906 913 923 906 896 902 904 897 911 928 924 924 912 940 930 866 911 918 922 915 927 914 910 910 920 934 907 904 938 917 922 897 924 923 876 906 902 933 909 916 919 880 922 903 888 902 893 930 896 922 890 923 910 925 909 933 898 924 927 911 881 918 923 896 930 883 916 920 
501 903 935 941 899 892 916 913 908 911 938 914 903 903 932 925 925 917 903 917 933 914 940 916 923 920 917 899 910 933 906 907 916 905 927 908 920 912 915 936 916 909 915 909 941 911 926 916 910 935 879 905 924 902 909 916 913 898 910 919 919 932 914 912 920 907 914 938 924 940 932 909 911 918 923 929 928 907 925 928 928 928 941 918 879 916 906 907 919 926 894 916 909 901 930 881 926 922 921 910 895 
523 891 904 924 928 913 918 910 940 937 904 925 896 914 900 912 905 900 933 927 926 894 905 920 934 921 927 930 896 886 900 944 906 920 916 925 909 916 908 910 909 898 946 918 937 905 909 920 918 931 917 908 917 913 900 926 914 918 931 911 924 933 920 904 916 930 914 894 935 910 887 907 915 920 924 928 944 922 897 925 888 915 913 938 916 896 927 916 937 923 914 932 899 924 928 926 909 907 908 925 886 
513 927 912 925 911 889 921 902 891 920 950 934 943 912 924 929 916 899 933 924 926 915 929 932 915 937 908 948 920 910 933 911 883 906 920 893 910 926 900 925 898 937 912 912 903 938 901 908 903 958 915 917 910 917 938 891 909 925 925 940 922 908 909 933 918 910 905 906 909 898 957 902 939 916 916 896 900 889 926 917 923 912 901 918 907 890 908 906 910 910 933 901 884 911 909 926 936 900 928 921 917 
498 929 898 919 920 903 910 892 924 917 931 927 948 926 935 909 916 918 916 927 908 917 905 897 903 940 917 903 934 925 923 930 918 888 922 923 914 882 916 909 896 904 906 902 905 920 903 905 934 924 941 916 902 901 926 924 891 881 914 915 927 877 929 937 903 925 934 927 915 921 942 908 917 907 912 927 877 921 907 907 908 916 910 924 928 930 928 923 913 910 904 922 919 914 909 905 871 923 935 922 894 
494 906 908 898 919 916 911 910 932 905 903 893 906 918 933 925 912 900 903 911 929 930 928 934 901 926 905 947 930 936 926 912 894 907 913 938 934 918 907 929 917 907 888 912 930 953 927 897 873 910 932 933 908 918 911 909 881 919 909 905 913 914 907 912 915 914 906 925 905 921 885 899 908 921 901 931 923 920 929 900 895 917 914 911 903 910 916 900 907 933 916 938 923 909 902 931 919 912 872 922 927 
504 900 911 941 900 910 926 922 923 903 915 924 910 924 924 931 919 898 926 919 908 931 910 927 917 930 906 915 923 919 906 922 928 894 903 910 892 948 920 958 909 922 903 916 938 932 938 936 904 911 891 913 941 917 911 925 916 911 901 925 914 922 908 921 913 923 925 920 903 917 931 900 931 888 909 888 919 922 922 936 913 892 905 913 904 923 902 889 917 916 923 932 910 913 913 919 935 931 911 899 942 
492 898 908 912 917 929 900 893 934 928 914 908 927 939 911 930 943 929 926 899 936 915 897 906 910 919 919 903 901 916 940 933 906 934 910 906 895 879 905 883 907 902 898 919 892 910 923 911 916 930 905 908 918 926 918 918 925 920 930 907 883 950 916 929 931 921 915 908 941 910 918 901 894 921 923 919 901 913 927 914 916 909 870 914 911 936 927 903 928 892 919 919 900 919 914 927 918 886 899 891 889 
504 932 915 901 918 899 926 892 919 933 896 896 927 921 907 920 949 897 909 912 886 910 930 927 919 911 908 922 941 932 908 942 920 919 936 900 887 924 942 915 916 908 895 886 954 929 921 933 925 906 907 939 928 906 891 931 901 926 909 920 933 914 879 914 914 947 925 914 935 923 932 919 917 927 899 903 903 936 926 922 909 913 895 953 916 899 888 903 898 901 920 905 923 904 913 927 906 915 917 918 913 
499 925 897 913 917 934 905 907 909 919 893 930 935 930 946 919 941 903 919 925 915 926 921 924 937 925 913 930 916 923 950 908 897 906 921 920 917 891 935 909 922 907 900 929 920 905 913 920 909 944 916 946 932 938 909 936 917 912 883 932 913 915 893 913 895 902 918 917 914 886 911 938 909 938 927 905 895 906 931 933 904 916 897 930 910 899 917 942 893 908 909 899 911 903 905 904 937 909 901 921 924 
496 897 900 883 925 913 886 914 918 936 928 912 902 916 912 908 913 936 904 900 942 910 903 906 914 890 914 930 911 902 902 924 928 899 911 943 901 911 923 916 919 924 907 898 904 927 927 928 941 908 882 908 919 903 917 937 917 912 903 918 939 926 918 913 913 914 934 902 916 934 896 917 919 902 909 924 930 890 931 910 919 938 866 911 920 877 905 912 895 925 913 957 909 937 914 915 907 911 895 906 912 
