494 639 660 634 631 647 648 613 628 635 654 623 630 627 643 628 640 634 645 642 640 622 607 649 645 650 648 623 637 640 627 650 634 645 630 660 633 639 622 638 639 647 649 635 642 644 624 635 658 646 630 643 639 641 617 629 647 639 621 639 648 632 643 633 612 632 643 626 653 654 660 629 651 629 619 639 639 645 641 627 634 643 605 641 623 626 640 634 636 622 642 641 636 628 628 632 664 628 623 641 647 
489 645 638 619 623 636 651 627 628 638 634 634 646 624 648 610 627 625 623 630 658 634 644 651 663 624 598 630 632 659 660 641 636 632 634 643 634 638 645 658 644 639 643 635 624 618 648 632 651 624 634 621 627 627 645 629 635 640 632 644 636 623 651 633 632 638 640 650 628 643 624 649 612 634 616 649 627 607 614 637 635 637 627 633 633 632 629 623 636 639 643 642 620 636 617 628 651 653 637 632 630 
474 614 629 629 611 631 621 621 619 634 629 639 625 617 615 612 621 638 620 629 612 633 603 606 626 626 627 622 643 625 633 654 621 638 619 596 640 633 617 639 630 648 631 640 628 622 639 629 607 624 633 638 641 629 625 634 610 642 637 635 635 629 608 620 631 625 620 620 615 624 627 619 627 636 641 629 626 617 637 638 632 627 615 641 619 642 629 607 624 618 639 609 631 634 638 593 606 622 639 629 619 
533 667 654 685 672 680 673 685 690 678 675 675 664 689 669 658 670 657 682 682 660 659 687 677 682 675 687 678 679 669 690 669 677 673 675 687 665 654 661 655 662 663 667 670 666 673 671 667 657 664 678 661 667 675 664 682 676 679 695 669 666 684 657 664 667 690 662 655 668 676 683 665 679 659 683 678 667 676 661 660 681 692 680 665 673 660 675 676 687 687 681 671 676 689 675 667 657 684 679 692 687 
512 644 647 651 634 636 650 629 633 617 634 652 645 632 612 649 603 642 644 637 646 643 654 632 651 630 638 621 631 640 637 627 643 629 642 623 633 643 651 625 647 642 624 646 631 632 631 650 643 633 626 640 653 624 637 648 640 654 630 635 642 618 653 625 651 631 633 626 627 661 636 641 640 640 633 622 626 648 649 640 632 632 641 645 636 645 671 639 625 642 640 641 630 637 637 651 636 635 646 622 638 
508 645 627 663 662 645 643 645 655 645 628 669 618 644 631 629 642 634 633 631 686 667 644 649 670 627 621 649 668 659 635 647 664 635 651 627 639 634 635 644 662 640 655 650 643 647 661 647 619 653 666 634 621 642 644 646 650 639 655 652 645 652 641 659 639 645 644 643 645 637 643 650 630 640 642 654 657 655 640 622 659 648 636 636 634 647 635 638 641 642 638 631 619 663 656 632 639 649 643 642 643 
522 672 657 651 681 654 669 660 675 659 673 659 665 654 669 668 663 686 665 665 653 651 668 672 685 672 658 671 645 674 625 661 667 646 687 664 664 671 631 656 679 653 672 660 663 664 688 658 669 667 660 666 667 658 646 675 657 652 667 667 655 655 672 655 662 647 666 661 666 679 675 644 676 658 677 654 662 670 642 663 665 654 663 669 682 666 662 647 662 653 668 646 652 652 669 674 663 659 663 679 649 
516 641 652 645 633 641 641 673 641 653 637 650 652 652 642 669 665 652 666 657 645 659 645 647 650 655 661 648 650 652 660 652 661 664 650 668 653 660 648 669 671 643 649 654 638 641 656 657 652 644 673 640 670 643 658 651 646 639 657 658 661 651 652 670 651 637 658 632 652 651 670 647 654 648 652 667 650 653 646 652 650 657 647 646 662 669 654 656 676 642 645 664 649 666 646 630 651 648 648 636 659 
502 649 639 650 664 649 650 651 665 648 646 641 649 639 652 654 664 652 648 669 644 632 656 659 651 661 647 643 645 627 650 631 656 658 644 650 651 643 641 649 638 645 611 658 658 646 630 657 645 649 655 648 639 659 646 666 655 648 665 667 624 663 668 654 653 639 641 651 647 637 647 646 654 637 658 684 638 643 658 644 661 641 667 652 653 661 629 639 658 650 668 651 656 653 660 638 657 669 651 668 660 
499 650 643 620 622 636 659 647 644 621 633 631 644 636 627 646 641 627 635 640 643 651 636 633 645 638 633 633 632 619 617 633 642 648 640 639 649 646 625 618 639 640 626 628 621 638 640 634 643 628 651 641 618 620 650 633 649 633 638 628 636 645 653 631 638 632 626 640 644 652 635 639 638 616 651 628 651 634 633 633 647 626 624 643 646 631 639 636 635 651 634 633 624 625 643 654 617 651 629 640 630 
483 629 643 614 627 627 627 629 604 614 619 634 640 622 643 614 632 636 618 626 632 631 650 634 629 639 615 629 619 631 613 630 621 617 620 618 608 645 611 638 633 631 628 633 627 607 636 629 643 631 645 636 636 628 630 629 647 649 611 623 632 639 609 623 633 629 629 662 621 630 608 630 619 631 633 613 658 628 636 619 613 631 643 630 642 639 628 634 615 651 636 628 628 631 637 634 639 638 639 635 640 
501 653 642 656 661 635 636 649 645 652 648 649 631 625 634 639 629 662 657 634 647 646 639 662 654 636 653 639 638 634 669 633 635 636 634 655 654 655 624 661 655 642 644 632 651 643 642 618 646 643 630 635 666 663 659 640 625 650 645 649 669 647 638 636 629 655 657 638 661 631 650 658 617 647 613 653 646 644 638 653 659 649 651 646 642 635 656 630 644 651 640 659 643 627 638 625 652 631 655 654 641 
498 661 647 647 656 662 650 652 644 658 650 649 644 653 658 642 628 648 662 658 658 645 655 645 638 643 637 655 650 665 636 654 637 659 663 649 642 669 662 653 661 636 675 651 643 644 652 644 658 649 679 654 645 654 667 644 661 652 663 642 633 663 668 645 647 640 660 657 622 648 644 640 641 645 654 641 655 642 660 651 641 641 639 635 662 648 629 623 655 658 657 663 640 628 652 660 641 643 652 653 634 
486 634 638 601 621 630 630 624 631 614 616 616 632 617 639 642 634 629 607 638 642 642 611 641 630 621 618 625 612 633 604 617 609 627 611 617 624 625 623 619 617 627 604 624 622 615 623 628 628 599 648 621 620 625 625 627 629 645 627 636 595 625 639 616 635 642 616 630 624 602 626 647 614 616 625 643 627 628 626 619 628 640 631 644 611 622 639 616 631 632 624 616 638 610 644 625 637 610 626 633 636 
513 638 643 620 635 643 658 643 604 638 659 623 646 627 636 638 629 620 628 641 659 632 656 659 639 640 609 630 625 631 647 630 644 629 612 623 616 652 631 640 642 648 637 643 612 639 613 648 628 626 651 626 629 630 636 635 641 633 652 636 634 655 643 645 628 627 627 644 630 627 632 619 643 619 632 644 624 645 632 644 642 654 625 634 625 630 628 637 638 636 634 624 639 637 624 635 657 631 631 633 636 
487 640 666 643 650 658 650 661 648 652 648 641 663 667 649 649 650 639 652 664 662 643 662 649 655 647 651 629 634 642 644 652 659 651 657 678 665 644 637 664 639 653 652 673 643 657 659 653 657 648 680 649 644 634 654 670 667 643 661 675 661 659 655 629 654 667 669 637 661 668 662 623 657 652 649 641 667 650 641 644 640 643 667 660 676 659 655 655 633 671 650 657 662 645 659 667 664 651 633 629 649 
523 693 687 675 687 685 669 674 677 684 691 674 687 700 675 670 685 680 696 684 693 676 684 670 691 685 663 677 681 672 670 663 683 659 669 683 688 694 685 692 684 663 677 671 687 683 687 672 678 677 691 675 672 675 671 669 676 689 664 670 672 676 691 674 689 672 686 697 669 683 663 679 689 680 681 680 696 686 670 662 661 685 672 662 683 691 671 669 705 685 672 681 672 697 684 687 678 676 666 671 664 
522 665 647 634 677 659 660 645 658 665 649 663 668 665 659 654 676 677 660 672 651 678 666 666 649 652 658 662 660 650 669 649 645 657 680 660 664 653 642 652 671 651 663 657 665 668 669 668 635 653 664 669 684 668 670 650 659 644 666 654 653 659 671 647 663 671 658 663 677 658 645 657 680 647 665 671 664 660 665 636 655 660 653 666 664 652 654 654 659 680 664 662 654 654 659 647 657 673 661 662 679 
498 637 618 639 642 634 621 641 632 615 634 617 633 626 625 615 621 635 630 634 619 648 621 612 619 627 613 623 629 623 623 628 640 606 597 624 609 622 620 646 620 616 620 618 623 625 624 604 625 648 618 635 625 611 647 625 625 599 624 629 632 636 635 612 620 647 638 617 638 628 631 620 621 629 635 645 639 630 636 624 616 618 617 609 617 639 629 624 619 629 609 618 618 615 630 624 623 646 612 636 617 
513 647 649 651 656 653 650 654 660 657 645 660 653 653 651 654 672 653 632 635 652 649 666 653 674 658 669 648 662 643 652 659 649 661 676 653 651 665 663 673 655 658 638 650 660 661 659 648 666 664 666 648 647 657 664 650 651 674 662 658 652 652 649 653 644 642 663 653 655 669 655 637 666 651 665 648 659 639 649 653 646 636 668 653 647 647 656 655 661 664 670 655 664 653 645 659 650 662 644 657 642 
