505 944 941 943 923 930 918 929 930 910 919 941 936 948 950 936 931 937 949 936 950 934 930 950 923 943 929 943 946 939 928 921 938 939 923 916 925 931 950 928 911 912 957 948 949 919 950 936 936 950 903 947 933 934 936 950 913 918 928 920 928 916 925 935 945 912 917 936 924 940 927 929 931 921 953 939 948 941 917 932 934 949 944 938 938 924 930 921 919 930 946 951 924 945 938 916 934 929 916 935 943 
513 918 918 937 938 939 944 936 926 933 939 942 926 911 939 919 928 959 915 950 916 925 947 936 925 937 927 945 952 957 952 922 911 933 924 949 962 922 913 944 924 944 948 941 940 925 918 924 929 944 932 936 916 941 942 912 948 944 939 955 954 947 929 968 943 930 918 947 920 936 916 912 942 941 937 947 944 926 928 913 930 949 918 933 927 929 947 941 957 921 925 915 930 935 958 936 923 932 938 945 924 
490 929 933 925 928 930 923 939 928 923 935 927 920 944 936 949 945 936 947 937 944 940 927 963 908 911 907 923 926 917 944 918 922 923 942 930 944 946 931 941 944 945 941 936 931 898 935 933 928 911 923 954 924 953 949 941 948 922 925 920 942 937 934 927 921 947 932 944 942 936 963 924 942 933 925 927 926 934 925 939 934 921 959 928 944 941 941 925 954 949 925 922 926 935 939 928 946 934 933 917 944 
512 936 935 930 933 943 891 943 934 941 926 944 930 936 934 930 927 928 951 924 921 933 940 923 917 947 928 925 946 942 921 932 942 922 949 939 928 930 929 914 936 944 954 948 951 906 940 934 931 936 932 952 937 931 935 935 912 925 942 940 930 931 958 920 955 944 955 910 941 911 932 928 934 919 944 951 931 941 941 922 921 929 948 935 937 898 919 933 934 922 907 933 956 942 938 935 931 933 923 927 942 
482 918 904 926 941 921 939 938 939 933 921 928 924 929 930 922 931 927 959 895 943 941 919 936 932 939 915 920 944 936 938 930 936 933 914 936 916 931 933 915 919 925 929 927 944 927 929 929 947 947 942 929 931 918 939 932 919 950 941 944 940 925 919 960 932 942 933 933 907 912 929 939 950 947 934 916 948 930 928 938 939 936 944 943 946 934 929 929 953 920 947 963 911 943 934 945 928 939 940 926 939 
491 937 923 941 965 927 921 918 954 933 935 917 932 935 920 932 936 950 947 945 928 923 936 938 944 944 925 945 930 933 900 930 933 917 955 923 927 936 935 925 925 930 941 956 937 930 942 905 929 920 942 923 929 929 950 919 915 939 931 937 937 949 932 930 906 930 943 959 937 937 944 928 940 912 920 933 949 936 938 948 924 970 927 947 924 916 943 925 945 926 915 940 938 948 923 951 920 938 923 944 927 
518 934 912 920 920 929 937 944 931 940 950 929 937 959 917 927 928 936 953 947 929 952 930 957 920 940 945 931 937 928 920 940 924 938 938 937 906 950 925 937 923 954 941 930 940 943 915 945 927 925 923 921 934 928 939 929 947 930 942 943 929 941 969 940 934 916 957 959 941 932 938 942 938 917 946 940 925 928 929 926 918 922 947 931 927 933 934 924 928 945 940 919 928 930 942 954 937 931 939 937 935 
495 912 899 942 943 929 954 953 948 927 923 936 918 946 953 954 945 922 929 969 948 924 938 933 920 929 892 926 926 932 931 945 915 948 926 930 931 923 940 950 902 944 936 944 935 935 941 933 951 938 936 939 939 956 924 932 929 944 914 936 928 905 938 938 964 937 960 946 921 929 923 922 912 935 944 922 919 915 927 922 944 922 943 924 948 945 932 928 940 943 933 938 923 947 929 938 934 930 928 952 939 
481 954 925 941 918 920 959 918 939 928 951 923 928 924 938 944 935 922 913 942 937 933 943 947 951 911 930 903 953 947 947 926 933 946 930 932 937 917 932 907 926 923 930 949 962 939 941 942 920 925 939 925 939 943 946 956 952 932 946 919 923 944 943 922 935 912 935 943 928 946 941 960 922 939 932 930 917 942 924 943 944 955 921 955 939 944 920 926 942 922 953 934 937 946 955 937 929 909 920 949 931 
522 950 918 951 942 943 955 961 944 931 928 938 948 942 957 945 942 940 934 916 922 910 930 942 954 932 914 925 938 935 943 933 942 935 933 939 937 938 947 953 923 921 940 934 927 962 948 932 936 942 891 927 942 928 930 950 926 953 952 921 912 946 936 940 931 894 944 909 911 919 928 921 934 932 929 938 926 940 942 930 939 928 931 937 938 943 943 940 932 940 928 906 925 923 934 941 941 951 935 924 926 
521 932 948 951 938 955 940 941 947 950 944 945 934 934 951 921 956 926 924 922 936 936 922 959 914 918 932 917 932 952 939 955 920 924 935 918 944 942 927 947 959 940 934 937 953 939 924 915 949 915 907 935 954 945 925 917 943 931 939 970 928 947 921 936 947 919 960 914 950 950 935 915 954 932 949 926 941 938 933 946 937 917 931 927 945 931 935 944 928 929 923 930 925 934 956 940 904 906 933 916 895 
520 942 913 940 913 934 933 941 932 922 930 942 941 926 945 936 942 925 933 948 947 935 901 942 937 936 926 951 947 920 947 933 929 941 937 919 955 942 945 935 929 939 917 924 936 929 944 934 947 913 906 931 937 931 936 954 949 936 932 949 939 935 926 925 932 904 942 948 969 952 935 935 916 926 937 950 931 948 906 908 926 921 929 927 929 946 934 947 945 935 947 946 941 927 922 933 938 945 926 947 948 
478 944 939 928 929 957 929 908 929 933 929 916 923 940 952 947 948 923 917 953 940 923 911 936 920 912 939 951 926 941 934 903 941 928 927 943 953 938 944 944 959 898 949 923 960 910 954 947 935 943 951 951 933 907 925 955 930 930 938 932 935 950 934 956 916 937 909 945 930 938 932 951 941 948 936 913 935 945 926 928 952 925 941 936 935 946 947 935 939 915 917 947 949 949 936 933 924 958 954 942 930 
487 921 924 931 927 907 916 939 951 911 937 927 945 944 943 957 936 945 926 948 943 959 946 948 921 934 931 915 948 959 941 922 938 931 925 945 945 924 952 954 945 948 946 917 943 945 944 948 939 933 931 935 960 888 943 933 950 908 929 925 930 905 927 943 930 932 923 923 930 927 943 944 943 940 914 914 949 908 926 941 923 956 952 927 946 948 935 915 930 917 946 930 936 933 929 947 940 916 932 926 956 
491 905 917 935 925 946 942 933 940 923 942 949 937 927 936 925 939 945 938 924 950 930 929 923 947 941 954 946 935 944 938 957 944 954 944 944 956 921 953 924 952 949 932 932 931 915 945 927 943 936 947 917 936 941 918 930 912 944 957 936 957 932 942 915 932 937 913 927 943 959 941 933 913 931 931 934 923 915 945 931 916 937 921 941 928 915 938 939 957 926 913 924 937 934 961 940 930 941 944 933 936 
494 941 958 929 925 916 931 921 931 926 947 931 938 923 940 947 936 929 948 939 928 926 958 925 959 914 928 946 921 933 926 932 924 952 923 937 936 947 922 915 937 943 943 944 933 927 940 935 936 951 900 940 949 941 947 954 915 938 935 943 901 915 921 929 928 918 957 914 934 933 934 912 930 937 927 914 912 911 920 942 936 915 930 936 938 951 916 922 920 938 956 927 943 932 943 929 934 907 931 930 916 
538 933 933 930 947 936 940 928 925 942 927 951 958 931 928 904 923 934 934 936 932 931 944 947 939 939 914 925 915 945 935 914 951 944 937 938 948 931 921 929 934 931 938 924 920 919 928 936 937 948 926 952 930 925 935 943 934 955 936 935 944 934 961 930 927 934 934 941 929 922 942 926 946 945 949 924 952 921 941 917 930 946 917 941 937 931 944 932 950 953 939 941 954 922 960 928 948 939 950 948 933 
504 946 949 920 928 939 931 944 941 944 944 936 940 952 930 962 910 922 946 938 947 934 941 915 943 928 942 931 970 932 904 926 925 927 930 922 933 957 927 940 935 905 933 955 945 930 939 951 926 969 932 945 942 950 923 926 921 949 925 908 928 937 928 932 940 959 930 942 933 938 903 929 947 934 947 944 949 934 926 921 947 954 930 941 941 941 933 923 935 927 929 932 947 923 942 956 909 946 928 924 920 
520 945 935 923 926 945 928 917 927 941 913 944 918 947 920 950 951 935 937 931 906 919 936 924 944 926 925 917 945 922 927 931 955 935 930 937 938 933 950 921 942 951 942 952 915 944 923 925 942 924 934 909 944 926 932 939 938 959 939 947 930 940 928 940 951 928 911 932 939 945 918 936 955 953 927 951 930 919 947 914 944 950 943 935 920 930 950 929 926 948 954 937 936 955 928 948 946 922 952 934 922 
493 928 917 949 924 928 922 918 923 929 935 925 905 927 930 918 936 950 940 923 928 890 908 935 947 904 957 945 909 945 927 948 923 917 923 940 927 938 945 948 928 939 933 949 949 927 919 933 930 958 945 927 925 895 941 950 934 931 932 923 936 942 935 953 921 945 938 916 916 935 896 944 917 923 941 951 941 945 925 921 932 930 937 923 899 934 927 907 928 931 926 950 923 917 930 921 920 942 941 931 909 
