507 698 685 697 697 722 692 699 706 693 713 706 714 680 733 704 686 698 685 721 707 703 695 694 717 701 688 707 695 707 705 687 701 708 706 702 700 706 696 725 694 706 711 705 696 710 707 692 700 702 690 692 709 697 699 725 677 688 712 708 706 712 709 709 722 699 717 699 699 701 721 708 701 711 710 680 726 704 695 713 693 696 707 707 703 695 701 707 687 695 718 716 716 705 686 714 709 716 713 713 714 
506 688 702 710 683 698 693 705 671 708 702 704 683 684 686 672 705 681 675 705 696 732 690 700 694 703 667 695 700 694 687 708 691 717 679 709 713 683 683 687 694 696 704 676 704 674 685 701 692 687 697 717 691 699 695 698 694 662 683 680 701 679 700 718 688 686 694 701 689 692 707 685 699 686 696 699 688 695 687 699 701 673 702 698 689 674 704 699 682 687 709 691 678 676 674 687 685 682 676 689 688 
506 691 697 680 700 668 690 702 706 696 686 681 682 685 688 667 695 687 669 697 696 683 692 690 675 674 668 692 695 699 682 672 700 687 685 694 683 694 693 674 695 690 681 696 668 691 685 707 692 706 682 696 683 686 687 698 691 670 671 699 683 701 666 682 659 685 700 716 693 698 679 673 694 706 691 694 669 688 704 698 698 681 685 680 681 712 692 683 699 694 694 703 681 699 694 682 711 675 691 682 701 
503 707 696 699 667 711 707 703 707 704 695 683 697 693 715 673 717 698 676 687 688 714 707 690 680 722 697 704 700 698 694 672 675 702 699 693 694 690 711 692 701 694 671 708 688 691 693 689 696 694 705 705 685 693 693 693 710 694 707 680 671 688 713 689 703 678 688 698 698 702 700 694 688 691 700 698 705 698 688 704 703 701 697 673 701 704 692 690 689 702 693 672 673 710 700 691 688 676 694 683 700 
490 698 718 709 703 730 723 687 699 715 713 702 704 690 712 713 723 695 703 688 722 701 692 709 714 700 712 695 715 685 708 710 720 696 720 694 715 716 721 706 680 701 698 696 725 710 688 705 702 711 701 726 698 695 673 709 704 701 722 716 688 724 714 705 705 714 723 716 717 684 704 712 722 695 683 707 710 712 729 715 704 702 690 696 705 719 719 717 682 721 712 707 709 700 715 716 716 706 696 696 702 
488 712 719 704 685 706 705 703 697 716 717 693 714 702 714 693 695 697 729 682 697 690 698 692 706 699 708 702 718 712 706 720 694 703 716 722 690 704 670 692 698 692 687 705 691 693 690 695 686 702 705 675 688 687 707 717 702 711 700 700 705 699 701 710 700 701 694 704 697 702 723 708 703 695 716 708 724 701 683 669 703 707 717 709 701 709 691 700 701 706 713 722 694 702 687 701 695 683 702 694 708 
512 728 707 694 709 713 725 722 716 705 711 711 718 725 720 720 710 733 720 735 732 704 719 733 722 716 728 704 727 713 712 718 717 706 716 711 730 712 720 715 701 726 700 722 710 735 693 725 723 716 690 722 725 729 701 727 698 730 716 743 699 718 712 720 721 715 714 726 709 701 723 705 720 711 717 721 731 709 706 710 727 718 711 713 718 709 731 728 698 743 728 712 732 712 717 702 727 720 704 713 695 
464 666 682 708 694 681 695 681 668 687 656 682 679 689 666 679 671 667 687 695 700 679 698 683 683 675 669 668 696 681 695 684 677 663 693 687 659 682 677 683 691 687 712 656 704 685 681 670 685 682 689 685 692 658 688 668 686 676 673 666 702 695 676 663 666 692 669 686 671 672 674 685 687 677 682 685 668 704 682 678 684 672 701 659 678 677 667 682 666 672 696 675 679 668 688 686 674 681 678 690 700 
504 690 676 697 717 701 712 720 711 698 689 720 689 706 681 701 701 712 722 706 698 703 713 707 710 721 713 702 713 721 709 719 692 726 711 711 680 706 705 694 703 682 723 692 707 708 709 711 705 717 719 714 725 713 698 719 691 689 709 701 684 723 698 687 718 691 700 706 693 713 713 702 704 717 718 713 705 710 703 709 701 700 707 716 714 702 697 714 701 703 687 721 698 709 733 692 723 705 703 685 721 
490 722 700 712 709 687 712 691 711 708 718 718 704 681 692 701 703 690 710 693 701 716 710 699 719 709 722 716 727 726 702 725 710 724 709 689 727 707 722 709 714 709 699 704 713 708 707 710 699 691 735 729 699 713 707 720 723 727 711 711 697 698 715 690 708 723 707 723 707 723 732 717 700 695 724 717 716 709 702 688 698 702 726 706 718 718 724 710 716 716 704 712 697 696 719 698 719 712 699 708 704 
518 737 725 716 726 730 751 734 724 736 722 716 733 744 726 724 733 711 714 736 731 722 729 720 729 744 735 726 747 735 731 722 724 725 709 725 749 728 726 725 723 711 717 718 720 751 736 751 702 737 735 710 724 735 737 734 729 736 727 705 723 737 735 725 731 735 716 730 712 713 733 715 724 728 731 740 729 717 742 710 716 723 721 717 739 738 733 720 727 724 719 739 714 730 736 732 740 715 725 719 733 
484 733 720 719 711 726 707 704 720 725 717 732 731 694 735 738 740 739 727 724 710 720 711 715 739 718 730 701 719 722 718 733 700 728 718 729 734 724 713 719 712 726 721 703 728 705 706 706 715 732 731 718 729 726 729 712 713 733 728 723 725 734 720 713 723 713 704 722 724 724 705 721 716 724 727 721 732 730 687 714 722 722 717 728 744 714 721 717 709 727 721 706 731 707 706 708 737 702 719 721 717 
507 741 735 728 731 741 739 734 741 717 754 744 731 746 727 733 715 719 723 732 729 714 724 704 747 743 724 729 733 736 710 725 743 732 721 724 732 705 742 743 720 738 724 718 728 731 728 735 734 714 742 754 759 708 724 725 729 733 742 721 726 743 721 716 728 729 746 726 714 725 737 725 717 734 747 732 733 737 732 733 715 745 753 720 739 714 711 727 740 737 740 741 720 737 714 744 726 733 730 715 729 
487 689 683 705 707 679 686 713 688 681 691 707 707 691 703 705 676 685 730 711 708 681 722 701 697 694 719 721 711 680 687 706 714 701 697 692 706 707 716 701 715 709 709 692 715 697 705 709 698 682 702 685 693 705 703 692 689 702 703 705 703 686 694 705 695 666 705 698 714 685 691 683 709 713 683 693 682 693 699 700 684 683 695 673 703 698 712 706 699 702 687 700 680 697 681 678 702 688 678 720 717 
497 704 707 684 691 693 709 710 707 705 718 690 694 702 707 685 694 664 693 708 690 688 697 695 694 685 705 683 682 714 680 697 706 702 686 720 710 694 705 691 691 689 690 704 724 695 707 695 704 702 678 696 685 713 714 702 699 709 698 716 709 701 703 684 699 693 688 682 696 695 706 707 709 704 696 683 710 710 707 704 674 701 686 708 701 700 709 690 709 707 704 681 681 693 697 699 695 694 694 678 687 
484 731 705 703 714 714 730 713 691 710 694 692 707 709 716 725 712 719 710 713 707 712 708 710 724 717 714 695 713 708 710 693 717 715 701 707 693 714 720 694 691 727 716 717 715 719 692 709 730 698 726 719 714 712 717 713 701 709 699 718 696 707 700 722 709 716 705 716 712 720 713 707 711 715 703 690 691 718 701 718 697 707 710 710 713 713 721 700 710 689 724 720 728 695 708 701 722 712 713 718 708 
509 673 676 704 698 696 700 673 673 691 712 689 703 687 717 705 712 694 687 707 689 694 685 686 710 679 702 697 687 670 704 700 696 694 674 706 700 674 709 679 721 672 696 676 695 709 696 720 668 717 710 685 682 686 706 690 680 691 693 681 688 691 693 682 690 685 708 694 698 689 684 685 707 681 681 694 691 695 676 707 701 708 718 692 699 704 685 685 703 694 684 675 690 684 696 704 697 681 681 701 701 
515 713 727 717 730 704 720 720 707 702 727 724 710 707 724 716 700 710 735 705 704 725 683 717 714 712 742 699 700 717 709 730 703 723 713 727 716 732 729 718 697 686 720 710 708 699 717 705 719 698 720 710 737 696 723 709 723 723 720 708 713 716 736 711 726 691 713 709 702 707 699 711 725 707 702 719 727 692 701 722 701 716 703 708 683 712 714 715 697 691 716 693 716 703 699 724 721 717 724 704 695 
483 718 708 692 709 694 661 695 701 699 711 676 690 702 682 703 694 697 696 699 677 691 685 693 695 683 674 695 672 694 703 676 692 685 683 696 692 687 687 690 683 697 685 678 698 711 710 681 664 682 690 700 681 680 690 686 683 703 677 683 681 680 688 701 689 700 698 672 710 691 695 702 692 692 690 698 678 709 678 705 694 683 683 697 693 681 700 677 690 695 701 690 682 690 694 677 695 699 691 683 677 
483 696 702 701 707 681 710 742 694 678 706 714 684 686 705 711 723 693 708 702 712 713 706 713 712 713 703 703 696 710 697 698 689 717 705 700 703 698 694 703 720 709 710 704 686 702 692 710 691 717 691 696 691 690 706 707 701 687 696 688 703 686 697 717 724 694 687 684 712 683 713 708 689 730 713 707 705 706 701 684 695 704 700 708 710 696 699 694 716 698 700 702 690 704 673 696 701 715 721 696 710 
