505 753 778 782 772 751 750 765 770 769 742 772 776 742 753 769 777 758 761 767 766 764 766 770 770 784 728 759 767 752 792 763 779 771 763 768 763 771 760 756 751 773 773 738 771 768 770 770 774 772 744 769 759 753 742 754 774 760 771 741 758 749 770 749 769 744 765 771 721 785 740 760 780 778 746 778 775 760 760 765 761 759 744 767 765 775 751 770 770 761 773 780 759 762 772 766 761 750 759 749 744 
508 772 779 769 780 755 766 790 771 775 757 776 782 781 763 741 767 768 778 762 773 787 740 793 778 758 775 742 767 774 758 779 781 776 770 759 774 770 760 747 752 772 770 790 766 769 763 779 766 774 768 764 793 768 782 759 770 772 761 784 783 762 771 770 766 794 770 760 770 781 785 763 774 768 782 759 777 768 772 784 779 768 770 775 765 776 777 779 736 767 761 760 763 770 766 775 776 789 775 789 778 
493 779 788 762 769 785 758 760 779 777 796 781 764 758 767 787 782 772 783 795 758 750 769 787 772 782 782 771 784 765 765 764 749 753 764 766 763 781 788 735 796 767 783 780 778 786 771 768 758 770 777 779 761 776 766 762 768 787 768 766 778 767 782 772 772 806 762 766 770 773 770 777 769 768 786 759 791 757 778 741 781 784 801 779 757 772 783 759 770 755 761 778 761 784 790 773 762 769 762 758 764 
481 750 759 766 788 760 752 767 741 764 756 750 739 757 761 763 748 762 768 760 769 770 779 771 773 761 753 732 762 741 779 759 765 760 752 756 771 765 739 749 747 769 763 763 787 764 748 737 753 765 764 762 771 746 752 784 752 752 744 770 764 747 779 773 754 766 741 772 744 764 742 780 787 771 758 752 756 758 756 750 755 757 767 765 763 750 743 771 745 749 750 748 708 762 746 761 756 767 745 748 759 
514 800 785 789 774 824 792 798 810 780 779 802 804 824 820 778 809 796 812 799 784 808 802 811 792 806 815 779 805 795 791 803 808 788 767 795 795 796 789 806 774 797 807 797 813 778 813 796 782 815 797 799 788 787 804 784 804 800 783 812 801 827 787 811 804 774 792 795 799 794 808 800 787 775 784 787 789 785 787 796 799 787 803 814 811 797 796 796 793 805 776 809 793 790 785 805 798 810 784 816 792 
513 769 717 746 750 749 748 752 732 747 755 724 771 753 767 764 758 758 759 733 750 748 740 754 773 742 763 763 749 753 767 759 748 734 745 755 754 727 748 754 726 753 760 751 758 775 769 756 746 760 755 769 766 736 767 757 728 763 746 760 746 757 755 773 759 766 758 737 734 764 757 742 741 758 736 746 750 755 746 774 732 755 743 741 735 726 736 742 750 746 743 736 748 757 760 755 748 745 758 756 750 
516 779 785 817 811 788 811 816 805 766 803 799 811 789 785 796 804 798 779 797 792 768 773 792 789 796 798 791 788 800 785 808 816 796 784 795 815 785 797 786 804 810 791 795 809 792 782 802 776 791 786 784 792 787 790 784 788 792 778 794 796 791 771 787 791 793 816 800 806 777 800 800 802 792 772 785 782 777 799 788 798 796 813 798 795 794 779 793 773 779 793 806 795 816 791 787 785 813 792 811 790 
487 761 758 768 767 752 782 748 775 763 765 756 777 781 767 750 790 760 748 780 754 766 761 785 750 757 777 785 781 777 764 747 780 817 749 767 746 778 750 772 799 785 780 772 779 772 753 760 753 783 762 762 764 745 776 769 755 771 793 757 755 778 761 773 773 785 789 767 757 760 774 763 763 752 770 774 761 756 780 770 755 791 761 782 775 744 765 770 758 760 765 783 774 758 768 780 781 770 772 752 763 
514 766 751 761 772 761 755 775 764 759 759 763 736 768 773 768 761 757 765 770 776 759 766 763 769 769 769 770 769 770 756 777 754 769 748 766 766 752 729 752 741 771 775 760 756 752 774 763 759 755 754 758 772 757 770 780 790 753 756 773 767 743 769 768 769 772 771 783 754 727 760 770 755 771 777 782 760 771 767 752 763 755 769 775 742 764 754 757 772 742 778 777 759 768 758 760 763 759 752 762 781 
511 753 758 772 755 764 765 745 792 764 764 775 738 742 785 768 761 764 762 759 749 737 757 742 754 759 763 735 760 754 752 761 767 753 749 756 737 747 774 755 771 766 769 756 749 736 751 753 770 758 768 744 756 772 765 763 750 753 764 751 769 750 795 737 763 760 758 763 751 786 754 771 765 766 777 771 770 748 764 758 753 746 758 758 739 765 760 765 770 781 764 768 752 751 775 762 779 741 779 758 774 
482 760 743 743 731 746 769 741 748 756 730 739 734 736 746 762 755 741 753 751 748 762 733 752 733 753 745 747 745 736 749 729 745 730 755 732 753 756 730 735 736 743 748 737 750 759 753 711 753 733 741 740 736 744 750 738 731 754 753 749 744 761 738 745 746 755 730 769 751 734 749 741 736 762 736 745 762 751 750 743 732 745 746 734 737 750 741 750 749 739 745 727 730 749 773 761 750 764 736 756 736 
537 801 811 811 826 812 809 821 810 811 818 819 815 801 799 804 827 821 803 827 822 810 804 822 827 804 805 810 804 800 800 825 818 822 821 822 829 831 791 821 808 806 826 819 797 829 837 815 819 809 793 823 806 823 820 816 836 830 821 816 827 822 827 821 805 813 810 831 817 815 826 819 819 798 805 818 823 818 792 816 817 816 825 795 806 819 815 820 808 809 811 818 812 813 813 806 823 815 803 816 817 
489 786 771 778 780 784 784 765 774 768 784 777 782 779 781 788 772 789 762 756 797 777 802 794 775 787 774 789 779 786 766 781 799 765 791 795 773 786 782 769 782 772 778 762 774 790 770 773 784 777 800 780 781 760 789 761 774 788 766 744 784 766 786 777 789 764 786 782 786 781 792 788 771 763 778 765 791 776 776 778 782 775 780 770 783 783 798 788 800 784 789 787 778 806 779 776 771 782 781 766 773 
491 747 767 760 754 760 778 744 757 738 748 764 777 752 766 756 737 770 732 765 749 751 748 736 749 755 766 739 742 740 747 756 750 758 756 754 755 757 756 757 758 756 773 720 756 762 760 759 769 753 752 765 781 759 742 747 751 745 746 756 753 757 758 746 752 748 763 764 752 758 751 728 744 743 719 739 759 735 767 765 744 746 743 760 770 746 749 761 743 750 747 757 777 744 754 769 737 761 746 772 757 
491 788 773 791 777 770 770 793 776 765 784 780 763 792 766 772 778 782 768 781 766 779 771 778 783 773 746 778 762 780 805 792 791 786 782 765 762 777 781 786 780 773 779 765 787 756 771 767 769 777 778 797 791 792 761 794 784 765 759 763 774 762 788 776 770 763 773 777 785 766 781 744 765 763 782 773 784 766 783 757 763 782 771 774 769 763 777 788 787 779 791 787 776 780 775 792 764 750 783 757 786 
499 768 761 755 770 777 767 777 777 768 787 777 767 754 779 750 775 765 772 781 751 769 776 762 765 766 777 775 771 763 779 780 794 761 775 760 776 780 761 766 780 763 769 769 765 779 747 780 781 768 779 763 749 764 751 772 775 748 781 763 765 777 769 782 779 763 772 752 765 787 771 738 784 785 752 775 768 763 771 773 752 764 755 773 769 785 779 784 772 787 752 771 772 767 781 766 764 764 755 784 767 
518 787 778 782 795 788 797 779 802 815 800 792 784 789 793 782 764 788 766 790 796 790 788 801 773 782 791 787 795 797 781 793 786 795 790 780 772 808 806 781 787 766 796 777 801 774 776 803 798 793 792 782 784 794 789 805 769 819 791 809 792 778 785 781 793 794 797 787 789 780 775 784 806 793 786 802 785 783 803 793 795 808 791 793 809 777 767 790 793 790 799 775 800 785 777 798 787 794 785 800 777 
531 790 808 779 796 795 800 793 785 768 781 774 775 786 793 778 772 799 800 798 783 778 779 804 786 773 790 787 801 798 794 796 806 754 799 792 796 776 795 783 768 782 800 795 791 788 788 795 787 802 800 791 777 804 788 789 784 801 796 797 811 814 788 777 787 787 796 778 785 793 785 782 786 787 791 800 796 790 822 800 792 777 781 797 788 777 770 761 791 788 792 802 769 776 781 776 760 791 802 805 774 
505 777 760 746 763 758 770 745 730 758 764 762 768 775 756 765 754 768 756 774 778 789 777 748 755 765 766 747 767 772 756 751 782 766 772 746 753 760 752 784 758 777 752 788 774 773 751 767 772 761 759 773 741 764 762 770 745 755 763 778 774 780 765 770 771 776 740 767 776 754 781 774 763 766 734 758 757 758 766 741 768 768 763 747 790 764 751 751 772 772 768 759 768 767 741 760 752 757 786 779 761 
512 798 802 783 789 784 774 789 784 798 792 787 793 786 788 781 785 792 771 791 800 800 800 811 797 792 792 771 789 798 790 800 771 762 796 801 803 795 775 800 789 781 784 774 789 776 800 793 781 803 784 796 787 798 787 800 803 806 764 791 789 782 777 797 793 797 796 758 790 768 790 791 791 797 783 796 788 785 795 806 782 805 785 783 786 802 790 788 792 782 796 798 779 803 797 802 796 789 794 790 791 
