532 953 962 952 949 952 974 959 956 968 965 947 953 943 962 965 953 957 966 956 956 957 962 953 945 958 957 945 951 946 947 959 953 943 946 940 964 946 952 961 951 953 944 967 952 959 944 931 947 948 953 939 957 959 959 963 953 952 952 968 956 951 970 963 980 952 963 945 940 962 939 938 950 950 960 936 950 947 973 944 961 954 949 963 942 970 966 942 965 973 966 959 951 948 969 955 951 942 962 957 949 
490 965 956 970 963 958 959 960 938 960 958 964 938 946 952 945 940 975 941 956 954 945 954 949 955 965 958 956 957 947 960 942 958 949 959 915 954 952 950 962 944 967 961 956 936 944 956 966 953 930 953 965 941 944 955 958 939 971 949 932 954 938 937 940 958 971 941 958 967 962 945 968 948 947 967 946 963 924 949 967 952 962 938 969 959 954 945 965 975 951 919 968 953 968 948 953 963 959 949 945 970 
508 963 943 941 945 958 963 954 960 957 953 951 951 932 962 934 954 965 965 939 953 956 959 950 939 965 966 946 946 953 965 954 941 962 941 959 947 957 965 951 935 950 972 953 961 968 925 951 956 964 954 971 961 959 955 962 952 958 970 938 967 958 950 962 976 967 952 948 943 953 960 953 957 955 961 946 962 960 960 963 945 957 931 954 959 959 938 952 942 964 961 952 958 960 941 970 959 945 959 948 951 
451 972 959 958 971 959 938 949 955 960 951 942 972 947 946 955 932 949 949 953 942 965 954 960 961 963 940 974 957 956 965 956 947 977 955 948 973 922 949 972 941 967 941 952 975 956 958 961 958 964 943 921 967 949 964 951 954 955 954 965 939 950 951 956 929 943 955 944 959 932 962 962 946 981 969 929 953 944 958 942 949 964 952 965 934 958 971 959 950 963 939 945 968 963 949 967 955 957 973 932 966 
478 951 951 966 960 963 936 949 939 964 955 958 960 955 965 932 940 957 945 928 950 950 970 964 946 961 945 955 947 986 966 957 952 952 946 952 944 942 965 937 939 945 944 969 965 939 959 963 943 955 970 957 940 961 935 974 969 965 971 943 932 934 964 964 965 949 957 968 956 959 962 962 958 970 944 947 962 948 943 958 946 944 939 959 963 970 937 964 930 965 975 949 966 953 971 937 961 956 953 960 952 
506 959 953 953 948 946 958 955 937 965 979 955 963 963 953 939 961 963 954 954 953 961 956 939 957 964 962 968 948 964 947 958 957 925 941 953 961 969 941 953 951 932 969 946 951 942 972 956 960 967 950 955 941 946 957 948 965 947 952 954 959 932 959 947 957 953 957 970 970 948 955 968 956 960 971 969 977 961 953 961 945 971 952 952 962 950 950 955 950 971 954 946 962 957 953 972 943 944 964 954 945 
489 961 960 949 939 964 942 968 969 959 963 944 973 960 949 952 964 949 976 964 969 943 945 951 959 952 963 953 946 945 953 948 978 947 964 963 957 963 962 923 952 958 973 963 949 956 940 949 948 958 965 971 952 949 943 961 953 960 968 953 959 965 953 949 937 939 949 949 951 964 950 943 946 966 937 968 948 975 980 961 961 941 952 951 967 957 948 962 951 957 926 959 959 959 972 943 952 959 956 953 966 
504 934 957 946 930 964 925 964 941 938 956 949 945 942 961 957 962 964 954 955 962 950 961 952 960 952 950 946 939 961 956 969 950 964 965 946 952 957 938 949 954 948 964 960 943 953 946 944 948 965 949 941 959 960 931 949 975 951 953 979 947 976 968 943 942 949 954 960 956 948 948 946 954 979 962 949 953 964 966 944 943 938 965 938 938 942 942 954 937 953 947 956 956 969 956 951 967 955 936 959 945 
502 966 949 959 957 959 937 943 946 980 969 948 954 962 952 963 961 952 947 949 961 938 952 946 969 950 935 966 970 959 968 932 952 972 949 956 946 946 933 944 937 955 948 962 947 936 976 946 973 959 958 954 969 946 946 950 953 952 927 956 969 947 958 963 958 935 965 945 965 960 965 945 955 967 948 949 955 959 964 942 948 959 952 959 945 942 948 946 962 969 957 960 948 944 961 960 938 943 949 972 955 
487 953 955 963 942 956 954 942 962 956 922 944 945 965 961 960 939 954 938 976 952 963 951 961 964 955 939 961 934 940 962 967 941 964 954 956 970 952 943 956 940 959 957 955 957 960 947 946 953 931 979 974 952 946 952 950 963 957 951 955 975 958 948 977 966 951 960 965 943 971 963 962 947 959 958 966 949 943 948 955 962 950 934 957 944 933 944 964 957 962 949 943 944 961 955 960 967 936 953 944 947 
509 959 950 962 951 952 949 975 947 944 956 950 937 953 944 959 952 952 941 943 958 953 942 953 955 954 946 950 932 957 941 963 953 968 958 959 945 952 943 930 932 950 935 959 963 955 961 942 973 964 973 935 965 950 944 942 942 944 960 968 941 942 958 934 972 951 960 958 943 972 937 935 967 956 963 963 953 933 960 946 971 957 955 946 959 949 968 964 959 973 929 959 957 959 956 949 946 926 962 960 967 
494 937 960 946 958 943 942 935 981 943 948 960 961 964 957 975 963 956 962 965 941 957 960 957 958 941 948 941 963 948 971 962 952 949 947 955 968 947 965 950 933 962 941 950 967 957 959 988 957 952 960 943 959 958 949 981 973 962 958 954 938 972 940 957 965 950 950 962 953 949 966 949 945 962 964 942 957 976 961 971 934 951 972 936 946 959 949 938 960 953 977 959 959 940 959 968 932 960 965 967 957 
515 950 960 956 963 954 956 962 959 973 934 961 933 948 951 963 963 956 953 941 940 954 952 958 960 961 950 945 937 942 960 949 944 968 941 970 927 959 939 967 955 966 951 961 946 949 931 940 939 960 922 972 954 977 955 962 956 939 954 950 933 937 946 968 960 936 952 972 947 967 960 941 966 964 957 973 973 957 941 968 936 953 954 969 970 950 957 949 942 957 955 939 953 938 948 941 944 949 957 946 938 
490 950 947 959 932 974 960 960 951 952 939 953 956 972 948 954 964 960 949 950 938 943 942 973 958 945 960 934 967 963 941 950 956 946 969 961 957 951 954 963 958 957 943 941 947 938 967 965 939 962 967 953 952 941 956 971 972 950 969 944 951 967 977 956 962 949 959 958 951 949 958 965 964 941 936 961 931 958 965 963 961 953 952 965 953 945 960 954 970 955 968 962 957 950 934 956 959 957 945 963 938 
519 955 954 963 959 951 958 955 971 949 954 968 955 969 964 943 945 957 924 952 965 951 952 943 949 947 959 938 967 954 948 951 983 945 961 947 949 959 942 962 969 964 963 967 964 958 949 959 962 966 945 954 943 966 954 957 958 932 960 951 955 944 955 961 965 940 963 961 971 960 951 955 953 966 953 959 950 976 938 966 971 943 954 964 942 964 949 967 961 943 964 947 974 974 935 967 974 970 944 953 955 
489 942 972 939 951 962 960 938 954 957 981 949 942 962 953 962 975 942 969 960 943 951 952 971 955 947 956 943 954 959 952 946 930 969 970 958 958 964 968 964 960 950 961 951 951 961 958 963 950 972 961 939 946 939 963 941 931 940 958 967 946 951 960 950 951 935 941 953 953 954 940 962 953 947 942 957 957 950 956 942 976 964 958 969 963 965 957 931 964 977 943 948 955 946 965 951 969 947 945 964 956 
513 943 934 942 944 967 958 963 938 952 951 968 951 940 954 946 937 929 948 943 951 948 967 975 952 956 941 943 966 954 973 942 936 935 943 971 949 937 957 961 953 947 975 960 952 938 948 950 961 967 974 965 971 990 968 932 958 945 961 949 948 953 955 956 974 952 979 940 951 959 952 962 961 945 958 961 971 953 966 926 954 941 966 961 951 952 958 963 971 952 952 964 964 961 958 961 953 976 972 953 951 
492 958 970 941 979 968 963 929 971 960 972 956 942 976 958 961 964 955 967 960 942 937 951 947 954 950 939 951 952 938 935 960 948 947 961 945 944 949 961 944 946 939 948 961 943 961 964 946 958 946 947 957 957 951 958 946 970 960 944 962 952 966 969 957 960 952 943 958 947 920 955 953 971 943 936 931 956 956 967 950 948 947 965 955 960 961 963 960 958 961 942 954 967 965 954 942 976 941 949 952 961 
523 970 941 961 961 965 957 972 961 964 953 958 954 967 945 964 941 954 936 974 967 941 947 951 964 960 958 950 940 965 951 962 950 948 970 970 967 947 952 948 966 962 950 969 948 940 950 960 960 966 943 963 963 947 958 959 973 967 951 946 949 940 946 953 977 939 964 972 955 935 961 957 965 955 923 958 952 924 967 931 939 956 959 944 932 935 965 962 954 950 957 951 947 952 975 943 972 963 973 954 944 
530 947 948 943 942 939 954 958 946 957 932 980 959 941 953 943 944 970 971 958 949 955 941 948 959 957 940 961 955 952 954 947 966 953 948 969 962 948 955 960 950 951 967 941 944 938 963 934 932 945 942 956 944 937 940 948 943 944 929 954 933 967 950 968 972 946 975 943 959 963 954 930 941 945 962 959 950 945 951 952 957 969 966 962 955 940 954 956 940 949 962 947 944 960 968 969 975 951 972 947 969 
