501 891 873 866 873 872 884 884 873 884 887 882 878 893 870 888 872 869 872 865 890 866 877 869 869 887 869 882 876 883 872 869 874 870 880 875 885 877 891 879 864 863 879 892 886 889 882 890 890 853 870 883 881 875 877 867 868 861 880 888 863 868 882 870 862 868 877 896 885 882 875 890 875 858 872 864 874 867 876 878 887 874 874 863 883 882 875 883 884 884 889 875 899 891 871 873 879 871 883 852 869 
497 864 870 885 876 883 867 882 883 856 879 865 876 865 863 887 870 880 869 877 873 875 877 863 861 868 891 895 860 876 876 868 873 869 870 881 877 874 886 861 879 871 878 882 877 887 869 864 886 872 851 880 869 893 895 872 865 855 872 874 871 869 888 866 866 891 885 865 868 878 871 877 867 869 853 870 871 869 879 890 883 886 877 833 874 868 890 879 881 855 873 876 879 880 886 889 863 882 886 875 871 
489 874 870 904 868 872 876 877 865 871 856 874 870 875 878 870 867 889 877 847 879 858 851 858 852 876 881 878 875 860 874 889 855 872 883 869 871 883 882 876 874 877 883 874 887 860 870 868 865 884 890 875 878 881 875 886 880 884 850 870 871 879 869 862 858 870 859 880 879 868 872 866 870 870 872 882 870 876 861 871 873 866 873 875 858 870 868 885 875 868 866 880 862 872 869 859 865 857 889 872 852 
485 888 894 885 913 878 888 884 884 877 884 867 911 891 888 895 889 882 896 889 884 886 890 890 883 894 875 889 880 901 876 895 885 896 896 884 868 883 898 895 890 885 883 883 897 883 886 899 898 876 878 883 885 890 888 883 880 894 885 890 878 885 894 896 876 889 870 888 894 882 891 872 898 894 889 893 885 900 888 887 878 898 868 894 894 868 894 886 886 886 881 890 895 887 892 893 884 877 887 886 876 
508 878 887 868 882 855 870 866 870 870 868 880 876 873 883 874 870 874 877 874 865 875 885 873 871 879 889 884 878 866 874 867 867 885 884 882 893 888 888 892 880 860 880 887 869 884 898 875 879 880 890 868 879 865 873 884 880 869 888 887 877 886 854 874 870 852 887 879 872 875 881 880 866 886 878 880 881 879 887 875 888 885 884 862 864 867 883 893 887 885 864 882 877 878 887 894 871 897 879 876 867 
502 869 873 873 879 865 851 867 876 882 867 880 866 877 872 870 888 864 876 870 871 883 875 872 864 868 887 865 890 869 868 863 877 868 885 856 864 867 871 884 879 873 881 883 864 877 876 865 871 892 879 856 866 872 870 859 883 876 883 870 864 882 877 861 848 867 880 843 865 858 873 877 867 876 874 881 870 873 895 880 849 878 874 850 863 866 872 882 874 883 883 868 898 863 884 867 867 869 872 858 873 
496 873 878 871 863 868 878 883 893 870 884 873 867 871 879 859 881 877 873 875 872 862 889 874 879 877 872 869 871 878 882 866 895 872 873 879 863 852 883 885 874 863 877 857 866 865 882 877 858 854 867 865 887 877 876 865 865 876 857 871 877 877 859 866 862 881 870 858 877 881 877 870 867 860 851 867 866 882 867 884 876 870 874 892 882 860 870 885 864 873 851 861 879 879 870 861 872 868 865 860 880 
506 874 874 889 885 877 879 865 872 878 884 888 875 881 863 862 864 876 873 882 881 875 881 873 898 876 888 874 890 882 869 883 867 876 873 883 885 881 883 875 882 887 877 871 889 872 880 881 869 875 872 900 868 878 893 893 874 877 882 892 879 870 880 875 885 882 880 872 892 894 894 886 872 876 874 883 887 878 889 872 869 866 879 876 865 882 879 875 882 870 872 868 881 868 874 871 867 879 884 874 878 
494 887 890 890 873 880 880 883 891 892 889 885 869 876 891 888 874 891 886 882 867 880 903 883 883 887 879 883 875 894 885 896 868 894 885 889 883 893 891 885 894 875 886 876 874 881 883 889 877 883 887 878 881 881 876 895 866 879 881 866 885 889 879 890 897 888 895 873 880 877 873 879 884 878 880 890 877 870 872 901 906 884 879 872 883 887 880 878 887 889 890 893 877 876 872 901 903 882 889 879 871 
522 881 871 851 875 870 878 872 866 862 856 847 854 858 858 866 853 866 881 852 877 864 868 858 870 851 872 864 875 864 861 853 849 864 868 874 884 868 869 866 866 857 856 864 872 875 871 885 854 850 857 860 850 857 887 863 882 880 861 865 880 862 874 870 858 858 861 868 859 864 864 872 852 866 878 850 872 862 877 873 856 865 857 836 867 872 851 879 867 851 872 864 868 874 874 869 856 848 860 859 883 
494 850 850 854 840 846 854 854 866 861 863 856 852 841 857 850 874 863 856 871 860 882 850 872 865 840 868 863 858 848 848 881 841 877 875 870 860 858 858 862 872 839 870 877 877 847 852 868 846 860 866 856 860 870 845 842 856 862 839 853 874 860 858 866 871 862 878 864 861 868 858 874 855 858 849 855 860 886 856 860 857 856 856 838 858 854 863 868 866 865 880 860 866 853 844 838 837 858 865 857 887 
494 861 865 876 874 874 883 875 870 855 885 873 874 858 864 869 880 862 872 855 857 853 875 851 871 875 877 862 865 870 869 874 870 871 858 877 857 858 866 871 861 861 868 861 871 854 873 873 870 875 857 872 863 856 845 873 863 875 843 864 876 868 857 852 852 862 853 864 880 852 862 865 870 857 866 855 854 868 879 849 873 851 858 862 858 864 855 861 871 869 853 864 862 858 844 853 883 880 861 866 863 
483 863 864 861 845 856 854 853 861 864 849 845 875 860 863 845 838 855 857 846 855 856 849 866 859 855 855 860 840 859 863 845 864 862 862 856 871 852 874 848 861 837 866 862 853 852 858 869 863 852 850 858 850 868 842 847 867 863 888 867 858 871 854 870 852 857 845 856 854 857 853 860 856 846 862 860 839 854 853 863 861 864 868 859 862 852 847 833 876 850 847 855 839 853 867 862 850 856 863 852 868 
503 857 860 876 870 865 874 861 866 892 879 852 873 876 868 887 869 860 878 870 874 877 862 879 865 863 868 869 870 888 883 873 872 877 863 859 877 882 859 872 863 872 876 881 880 871 883 863 870 882 873 878 878 883 884 865 866 868 880 863 881 885 885 875 876 866 861 877 874 848 863 849 872 892 882 873 894 879 865 879 870 875 871 868 867 868 870 873 871 863 864 861 884 881 869 877 877 877 865 881 884 
483 850 861 843 835 857 845 835 858 847 837 828 859 834 866 853 836 857 847 841 856 853 836 846 848 867 839 855 842 840 857 857 834 846 867 849 848 841 857 855 860 858 847 829 840 850 859 847 839 844 855 852 860 860 850 857 853 851 849 860 853 857 843 854 858 852 838 861 845 846 850 863 867 860 843 834 847 844 847 866 853 829 857 836 861 837 845 839 845 847 839 857 851 846 858 840 855 852 835 852 874 
497 880 867 852 872 872 886 871 853 862 865 872 869 869 871 880 882 864 879 868 869 877 870 874 880 872 857 875 866 882 889 865 876 866 865 876 855 855 866 876 873 870 873 859 872 884 880 864 871 870 860 865 877 864 861 887 845 867 865 882 880 870 859 872 880 875 875 869 857 882 870 879 863 855 880 859 864 849 882 874 851 867 870 869 861 871 867 865 873 860 880 868 880 879 879 890 869 865 877 867 868 
513 888 901 913 884 902 897 896 897 885 882 898 892 897 898 904 903 902 908 907 897 882 893 900 900 896 912 879 900 901 884 898 897 898 899 898 902 869 879 899 890 899 892 893 892 897 888 890 898 898 896 889 893 898 889 900 897 902 888 888 881 898 904 884 888 907 900 900 906 900 897 900 896 902 891 892 905 909 899 894 880 868 897 899 901 869 884 891 897 897 899 894 893 896 878 907 892 894 886 878 896 
499 858 877 871 880 875 870 885 883 878 890 856 863 877 873 878 857 867 876 871 867 878 901 878 869 881 875 857 883 866 850 863 872 866 892 877 880 883 873 872 870 876 894 869 868 855 888 862 874 878 882 866 872 873 878 872 868 880 874 895 879 860 859 885 888 879 866 872 860 856 851 873 888 883 860 872 878 882 882 871 879 874 859 852 883 878 868 887 890 865 864 887 877 870 875 880 891 877 879 877 873 
502 859 865 861 860 850 854 856 880 865 864 869 856 873 864 875 869 861 866 855 851 882 870 881 855 856 878 879 870 866 860 875 853 876 850 868 881 859 862 866 873 874 867 862 858 872 866 874 865 870 869 851 866 877 852 866 856 859 872 867 851 887 883 865 866 860 892 868 874 868 867 878 862 855 859 866 886 876 870 854 855 868 865 881 862 865 869 872 871 883 871 874 872 867 854 868 862 890 860 857 876 
480 875 865 860 854 862 860 863 852 864 842 849 871 867 855 864 882 862 877 874 858 876 871 868 841 863 869 861 855 859 869 855 881 880 858 858 867 874 870 856 858 872 861 869 837 864 853 861 869 848 883 857 846 875 845 867 871 861 865 849 857 851 857 870 870 871 855 853 882 876 884 867 865 867 873 850 866 849 869 882 861 881 855 860 873 869 872 838 867 864 860 851 856 876 860 872 860 861 867 879 865 
