479 965 981 976 980 973 977 974 966 968 973 981 978 980 968 959 969 966 973 983 976 972 974 974 966 977 960 977 991 969 983 977 979 976 983 973 974 979 985 984 965 974 973 982 963 978 979 991 985 979 969 970 983 988 977 982 974 985 967 982 978 989 984 979 970 977 969 981 980 967 978 971 962 967 958 979 979 978 981 974 969 993 985 982 976 973 979 988 977 968 986 976 973 955 980 970 953 989 977 971 985 
478 967 974 981 970 983 974 984 974 979 982 975 974 985 979 996 974 961 975 976 982 983 959 978 980 974 983 974 985 978 985 965 971 984 987 975 982 979 971 973 987 977 966 981 978 982 984 976 969 972 977 981 976 981 964 968 967 974 968 970 960 985 973 974 958 968 964 975 963 976 968 988 970 979 980 968 977 989 983 954 982 982 967 977 974 972 975 985 973 978 963 961 970 959 967 975 984 977 982 982 972 
508 982 965 982 974 974 981 977 983 966 985 983 955 964 966 982 979 969 969 974 954 967 966 988 975 977 982 969 973 971 968 976 969 972 980 972 973 993 980 960 968 982 970 976 974 977 983 961 975 971 973 982 977 989 978 979 984 969 974 965 968 976 974 967 975 985 981 969 970 983 967 973 978 989 970 984 976 983 974 964 980 967 980 979 961 972 972 981 976 980 981 976 990 962 980 974 981 969 974 946 963 
518 955 977 960 967 969 989 968 978 970 986 981 976 992 967 971 971 974 984 976 972 970 980 971 969 987 985 978 970 980 967 963 975 980 971 969 967 982 979 974 978 958 973 974 971 973 973 987 969 969 983 981 966 975 981 973 980 970 975 979 964 967 979 985 954 973 984 965 983 984 981 961 984 984 986 978 971 967 968 986 981 975 987 966 985 985 968 957 976 971 969 977 984 970 974 962 974 960 973 968 976 
483 979 975 988 975 978 987 976 971 969 987 978 959 959 953 989 960 977 981 988 981 977 978 978 978 971 983 970 980 968 968 981 981 971 985 982 970 973 975 993 973 974 974 964 987 981 954 977 972 969 974 983 983 987 985 984 981 972 970 969 976 974 978 972 971 978 975 987 972 990 979 980 971 978 987 974 985 989 984 969 981 961 981 972 973 955 984 980 967 986 981 983 976 973 967 968 989 976 988 968 958 
470 980 971 980 989 976 980 975 977 983 973 976 972 973 986 978 989 986 972 967 970 978 989 971 975 977 982 982 981 969 996 988 991 975 974 977 962 972 955 974 975 975 987 981 988 987 980 970 963 968 982 975 975 979 982 976 965 992 980 978 978 990 974 978 965 971 973 974 980 976 979 976 969 976 979 965 975 971 972 984 979 976 979 980 975 980 986 967 982 977 980 987 978 979 973 977 971 971 969 967 967 
498 955 981 976 967 959 966 970 985 980 989 972 968 965 966 958 972 977 974 983 975 975 973 974 979 978 973 983 980 972 977 970 981 990 983 972 971 983 969 975 973 991 974 979 964 980 982 976 982 967 971 971 992 973 976 968 985 979 969 981 974 986 978 989 987 981 987 974 981 970 961 974 990 967 973 955 976 990 978 978 967 975 985 973 974 980 996 976 979 978 972 984 969 961 976 977 974 962 979 974 973 
486 977 993 973 988 954 980 979 978 963 989 964 968 968 980 983 976 972 973 977 984 977 976 965 973 979 982 964 976 987 992 975 983 966 967 968 979 969 977 972 968 949 979 980 976 965 978 980 981 992 967 972 983 983 993 971 965 981 976 991 981 975 983 969 980 971 971 974 973 980 992 974 965 970 957 971 970 972 982 991 979 977 973 969 972 988 971 972 973 986 963 972 990 977 972 983 986 970 987 982 982 
501 969 978 982 965 972 977 993 974 974 972 978 970 978 959 977 996 977 977 983 979 978 968 987 978 987 982 958 988 986 966 977 973 984 953 992 981 969 978 983 996 960 980 968 987 982 974 971 969 981 980 980 970 979 982 976 977 983 963 967 979 973 972 975 971 950 976 972 966 980 979 983 972 984 984 968 974 969 984 979 977 975 972 983 976 988 981 984 974 962 976 974 965 986 975 964 974 972 978 985 976 
504 975 979 966 974 978 994 971 978 980 968 970 972 991 977 975 980 988 981 958 980 965 975 984 969 978 977 964 982 982 967 982 977 961 971 968 971 969 972 986 982 990 977 971 982 989 986 966 976 961 982 973 983 981 969 967 943 975 970 987 982 980 977 981 980 982 987 975 973 983 979 982 992 978 983 978 966 996 986 975 983 958 983 973 992 973 979 989 980 974 985 977 973 973 970 957 977 978 981 971 982 
494 960 957 970 968 982 981 966 972 950 978 972 975 979 991 985 976 965 971 982 974 968 987 986 978 978 980 972 979 975 992 967 979 967 955 978 968 986 964 983 987 975 981 983 979 978 968 973 974 973 976 966 979 974 977 982 978 988 978 967 980 975 975 973 970 963 978 979 974 985 976 986 983 976 966 975 988 976 966 982 981 986 970 984 987 985 990 981 980 970 987 996 970 985 964 983 982 973 978 982 968 
487 981 983 979 973 958 968 981 969 968 974 977 978 978 974 985 981 973 972 980 966 985 980 960 983 970 978 978 975 965 974 973 977 979 981 974 977 965 962 975 982 976 970 982 977 984 981 983 976 973 980 995 978 979 970 971 981 984 978 980 972 987 953 981 978 968 985 979 971 977 968 977 966 985 983 979 954 961 971 987 973 982 975 980 968 985 985 969 980 993 971 983 969 973 975 976 989 971 971 984 972 
528 967 985 976 982 978 951 984 984 967 972 979 979 962 970 964 966 971 965 974 970 979 968 981 979 971 975 975 982 977 975 978 970 970 991 978 987 969 974 977 972 965 974 972 977 982 969 976 978 993 981 979 978 965 976 979 986 974 979 974 982 979 978 985 960 969 966 974 973 970 993 975 971 979 970 981 979 979 982 971 982 971 978 980 985 986 975 978 982 980 977 971 973 976 965 967 973 978 967 997 982 
515 977 959 985 970 972 970 960 976 983 963 978 978 965 987 984 986 981 996 975 976 934 976 973 987 978 983 983 976 966 978 970 976 968 973 980 960 980 981 985 972 964 973 978 976 982 967 960 981 973 989 987 959 962 986 982 973 966 975 972 986 970 967 982 975 972 960 967 971 974 973 986 978 980 994 970 972 973 979 978 983 971 983 980 984 979 971 970 978 972 968 992 980 971 985 980 975 975 965 976 976 
480 979 974 982 978 975 976 973 981 989 983 976 979 968 981 972 978 983 992 978 966 970 970 979 986 986 986 979 968 969 975 988 977 979 982 974 989 974 986 972 984 976 966 976 976 981 987 984 984 961 973 956 983 979 977 963 957 969 978 968 969 964 991 975 979 965 975 969 969 987 972 976 988 981 987 975 982 985 981 974 984 983 983 962 966 979 981 960 974 982 963 968 962 974 979 962 959 972 983 976 974 
497 976 969 961 964 973 987 968 970 980 977 985 982 982 990 974 980 974 972 970 969 985 967 980 983 968 968 973 970 974 992 976 982 982 976 971 978 966 970 981 973 980 965 978 959 966 976 978 972 966 959 952 990 982 986 977 984 974 967 968 977 957 977 973 985 975 985 970 974 962 971 971 987 975 973 957 972 968 977 970 968 978 978 971 981 965 967 994 968 985 978 976 985 980 992 984 972 981 980 982 988 
481 980 979 978 981 983 990 982 964 972 965 990 970 967 976 987 986 984 972 983 978 979 974 969 969 984 978 970 987 973 970 967 975 973 981 978 996 979 988 985 981 977 977 977 962 974 988 957 985 974 965 987 982 993 977 980 974 978 983 979 985 989 976 984 976 969 974 982 969 988 963 977 987 972 972 986 963 973 983 961 981 994 987 990 967 977 979 977 978 996 974 979 989 969 971 976 969 987 975 987 979 
517 983 969 964 985 981 968 986 977 969 980 979 975 968 968 965 984 977 991 965 976 973 965 982 974 988 982 984 979 977 990 992 954 989 991 980 981 984 984 976 968 977 991 979 956 982 965 979 980 967 984 982 983 982 976 985 977 984 978 989 986 963 957 968 989 975 966 966 970 970 974 972 974 980 962 983 985 981 975 972 978 969 960 985 977 995 980 982 986 978 975 979 988 969 959 969 975 978 962 966 970 
499 983 967 975 974 979 970 968 983 966 977 972 966 986 974 968 975 973 980 980 981 980 975 963 970 984 978 986 969 987 983 975 967 987 957 979 977 958 988 983 970 962 961 986 967 973 972 971 967 983 982 970 992 983 961 987 974 988 990 980 973 982 969 979 977 972 973 980 956 969 980 984 981 967 976 986 971 966 972 975 978 955 978 982 985 987 981 978 978 970 965 972 965 983 983 967 977 969 987 979 979 
523 983 983 972 977 988 973 970 986 980 971 976 970 978 979 988 977 987 974 979 980 977 975 967 972 974 968 977 976 964 983 971 972 992 983 978 979 969 985 983 969 981 970 968 983 969 965 961 964 978 978 969 966 987 962 983 980 971 977 968 967 988 974 989 979 976 984 969 973 975 967 985 983 964 969 979 966 982 965 963 985 981 975 977 988 981 971 976 973 976 980 993 975 974 980 976 989 981 987 950 985 
