509 836 825 848 840 832 858 847 843 835 841 837 836 826 836 841 853 826 838 856 809 792 777 801 811 811 831 813 857 839 858 834 798 841 831 827 858 816 831 812 829 787 827 837 829 822 830 810 845 853 838 818 822 831 826 856 822 818 799 850 813 810 830 804 803 810 816 841 848 805 829 828 826 824 826 810 804 824 841 853 809 852 845 816 807 860 806 796 797 835 844 807 831 793 814 829 824 835 789 821 836 
521 818 814 822 814 816 783 847 856 837 817 820 801 841 818 820 828 836 832 823 833 837 836 832 810 781 864 832 826 819 852 829 817 810 808 834 831 807 852 807 834 852 825 822 822 845 783 824 843 821 829 851 841 815 855 821 811 833 822 795 820 851 837 830 813 814 849 836 844 818 836 832 841 823 855 827 796 819 791 843 822 847 764 851 821 809 814 856 829 841 826 819 811 815 850 832 819 844 831 806 808 
491 810 829 843 814 792 861 822 818 788 809 863 830 824 837 845 804 814 828 854 819 830 827 836 806 867 830 832 852 825 820 862 813 830 835 825 811 802 855 808 808 818 814 838 851 830 837 795 811 838 836 818 864 815 825 831 835 809 838 829 827 864 833 789 825 817 816 815 839 860 802 801 857 823 864 832 840 830 853 820 842 813 829 838 801 786 819 817 845 805 855 818 823 812 836 824 846 819 837 833 812 
501 826 829 787 840 834 792 828 806 819 841 829 798 823 829 850 827 843 821 833 852 818 800 807 803 822 849 826 819 811 791 849 812 791 853 839 824 816 806 807 848 816 807 823 816 807 845 831 790 824 827 823 830 838 836 830 829 850 846 874 835 832 861 791 839 849 763 828 863 818 839 812 798 834 838 866 820 790 868 820 826 842 844 842 814 826 803 824 841 829 837 843 853 828 836 850 839 814 861 833 816 
483 828 852 837 865 827 836 825 809 838 852 829 847 854 798 790 819 818 856 831 849 839 812 825 816 819 846 795 850 857 815 822 843 843 819 817 832 824 846 849 831 826 840 818 834 810 794 816 819 823 811 799 851 829 854 808 851 865 778 842 867 814 840 828 832 782 806 828 797 840 818 859 836 820 847 822 807 863 856 835 839 834 841 830 858 835 825 821 837 842 816 825 816 821 839 845 816 861 824 753 814 
501 873 841 823 820 823 836 847 833 849 842 818 826 833 810 850 853 817 811 816 817 813 819 852 812 837 799 833 836 799 814 842 843 786 849 851 829 837 823 815 850 839 812 830 842 842 867 843 833 827 825 838 826 842 824 827 830 815 818 797 808 873 826 791 821 827 825 811 835 816 835 837 808 799 835 822 844 857 803 843 838 826 847 827 852 823 806 860 849 830 827 828 845 802 860 804 822 842 871 809 824 
516 817 802 855 798 823 838 778 869 837 812 835 821 819 827 823 851 835 823 852 819 824 803 842 859 804 826 835 854 843 809 812 840 811 846 824 812 801 824 818 809 839 832 804 845 806 776 820 801 840 844 851 837 823 822 822 808 831 856 835 835 820 835 834 815 830 811 805 821 783 828 819 810 801 802 847 820 780 812 816 856 821 838 837 832 818 833 809 835 846 830 841 833 807 806 833 804 795 817 812 846 
521 836 813 852 768 831 850 842 806 806 817 789 815 860 789 821 863 801 815 852 796 822 848 853 804 828 832 822 810 799 850 839 844 828 837 847 831 809 805 828 827 854 832 839 834 828 846 820 839 811 838 805 819 799 819 833 825 812 830 818 767 838 822 844 844 799 820 807 854 770 805 824 812 822 827 812 848 797 841 833 827 823 826 832 794 832 833 853 809 784 829 801 804 828 811 840 804 847 827 837 855 
489 816 823 846 837 808 794 848 830 806 861 836 841 829 855 853 854 844 826 846 828 834 830 818 861 795 830 818 843 843 807 833 841 794 841 845 844 843 831 832 812 840 824 866 821 838 833 836 827 848 824 809 845 822 828 851 825 824 800 806 780 823 803 808 832 833 834 843 847 852 817 798 844 847 838 796 815 833 808 818 808 858 845 836 810 816 820 813 819 835 790 861 802 824 842 866 797 836 841 832 825 
496 818 803 817 870 826 844 835 823 850 796 818 826 832 815 836 828 857 817 830 826 840 816 818 835 843 843 812 832 853 836 846 840 843 808 823 820 825 819 823 828 830 838 843 808 817 835 832 783 890 841 814 843 844 840 796 843 822 838 836 808 784 830 803 834 807 844 814 828 803 821 860 824 824 828 807 829 837 821 833 827 833 832 826 825 814 849 800 830 813 832 846 831 825 814 811 790 829 835 799 821 
501 804 830 808 841 822 840 845 825 830 835 830 821 847 814 855 819 843 844 821 789 830 868 801 820 829 811 824 855 843 852 798 810 846 836 853 844 818 841 801 824 814 837 819 838 857 830 814 826 821 807 831 823 845 819 849 821 819 806 847 830 809 799 836 840 825 844 830 849 833 845 811 851 840 826 839 830 808 869 823 867 832 839 861 811 835 854 807 835 826 828 849 855 844 791 835 822 799 804 824 829 
517 833 806 842 838 831 804 846 840 863 841 852 850 811 807 813 848 841 819 862 833 831 859 823 834 852 834 847 811 823 825 835 817 835 847 846 841 829 840 822 817 824 841 843 807 785 843 805 861 797 825 808 798 808 802 778 836 822 860 834 829 822 851 836 804 870 820 823 821 836 825 828 833 807 819 838 854 847 808 822 809 829 855 829 827 813 810 842 836 861 809 811 829 844 819 846 829 820 833 828 837 
503 832 851 826 836 826 838 852 849 812 807 811 796 827 837 827 803 857 818 810 812 811 810 806 821 818 812 806 805 848 827 805 809 848 813 836 845 841 814 815 853 870 806 823 819 837 828 814 842 851 822 861 796 809 818 829 833 862 805 802 811 842 865 829 826 867 850 814 814 796 819 815 832 840 856 820 819 839 869 837 818 841 838 824 830 843 832 830 835 831 841 807 843 845 831 809 838 818 753 791 830 
519 853 839 842 820 810 825 815 805 824 811 822 789 803 795 841 846 827 831 777 820 835 838 790 809 846 807 806 808 834 835 825 824 855 836 831 876 839 834 830 803 804 806 825 824 866 870 809 842 834 829 857 833 824 818 804 826 822 826 844 809 849 781 828 819 822 827 792 859 810 848 820 806 827 846 830 855 828 832 813 844 828 866 818 819 836 808 830 825 812 829 834 830 850 829 839 839 817 835 819 855 
501 819 818 831 862 836 856 794 834 825 864 822 849 827 788 811 814 852 838 830 820 840 819 836 829 835 817 857 835 852 838 815 836 875 812 816 807 842 810 818 848 795 793 825 835 797 806 808 830 818 828 834 803 831 832 807 793 807 843 836 790 845 829 792 800 812 837 819 809 818 834 815 808 827 813 780 826 816 804 845 804 853 807 845 808 815 842 825 857 831 802 821 830 848 816 811 801 803 807 821 763 
495 809 831 850 821 847 840 814 844 804 827 800 832 801 806 835 832 808 826 817 824 837 828 844 872 847 835 841 826 821 857 805 814 858 812 806 841 803 849 858 806 847 843 849 824 844 827 803 827 795 821 831 789 832 844 820 841 833 836 842 807 845 827 838 822 806 820 801 826 815 804 830 848 808 818 808 834 836 854 825 808 873 833 793 809 816 825 830 848 805 825 823 828 844 824 819 830 841 811 824 822 
515 869 791 809 817 839 827 830 811 827 804 814 792 846 849 760 821 839 812 827 821 817 838 818 808 842 790 840 843 807 823 822 828 842 823 849 821 814 854 833 781 847 845 853 825 807 799 819 861 831 841 804 837 825 805 815 818 834 833 814 815 846 826 815 846 842 840 889 846 820 858 806 797 833 826 827 828 802 850 864 841 821 839 820 817 818 838 861 851 806 828 827 855 810 805 812 827 824 839 810 834 
483 840 799 845 800 810 860 825 851 865 807 838 835 839 832 820 859 813 816 806 818 837 818 819 798 834 803 835 758 797 794 814 826 859 815 860 832 825 836 808 847 821 836 837 842 833 836 808 818 825 805 858 829 826 830 819 800 833 833 819 824 872 807 816 835 819 833 813 836 859 838 826 822 829 842 823 864 869 820 840 818 840 839 854 830 844 841 804 841 830 853 804 842 836 790 872 845 809 822 858 824 
503 846 815 807 844 820 822 811 837 819 833 832 822 850 790 827 843 812 845 784 830 826 873 855 814 810 824 821 805 808 845 799 786 817 851 831 826 821 843 848 823 831 825 842 839 825 813 843 858 809 827 844 838 835 823 809 803 828 799 840 814 814 820 796 834 816 827 814 821 827 842 842 834 806 847 842 868 821 817 788 826 810 817 836 829 802 817 841 845 822 831 861 805 827 774 857 838 808 798 842 828 
503 824 811 801 815 854 854 819 837 825 815 815 817 834 838 811 863 824 836 810 822 809 859 807 848 827 812 823 831 842 831 841 816 813 818 829 830 831 840 823 824 863 830 804 840 829 809 815 811 835 837 831 831 806 836 811 852 812 821 823 835 815 831 813 849 818 816 828 830 804 806 821 834 804 827 831 803 829 801 826 790 833 841 852 812 806 817 819 824 826 846 846 838 843 862 795 803 861 823 829 820 
