510 509 490 492 526 524 496 525 464 502 516 502 490 487 511 479 475 533 508 490 515 516 496 516 497 464 499 444 499 504 498 511 492 516 488 517 471 513 512 495 503 513 515 462 518 491 508 513 527 488 518 476 507 489 477 514 483 496 503 519 495 513 529 457 508 527 507 513 475 510 515 526 504 514 547 513 516 517 523 491 501 481 465 486 518 512 538 464 478 469 467 524 493 532 466 490 507 530 518 472 502 
529 502 488 505 526 524 456 521 489 524 469 457 472 510 478 527 503 457 518 467 476 480 525 543 506 495 491 518 511 513 504 502 492 513 510 479 528 506 518 493 460 486 458 469 512 502 508 508 509 495 532 502 481 506 496 522 506 508 487 460 484 525 501 491 494 478 513 502 511 495 517 474 467 515 483 522 446 533 491 478 524 487 511 509 524 525 515 486 528 517 526 503 504 460 512 511 529 488 508 523 459 
498 496 534 480 528 513 537 538 493 514 518 513 501 470 500 483 497 475 519 507 509 510 513 524 529 494 527 501 484 490 494 508 522 489 504 526 508 461 498 508 553 490 474 492 478 492 529 485 483 489 477 501 453 491 501 496 531 552 514 490 510 462 525 474 518 508 483 498 503 492 500 469 525 520 475 506 490 525 543 488 515 481 490 477 514 502 512 488 447 522 493 522 514 528 516 503 508 483 479 540 521 
527 495 486 508 536 506 481 472 524 527 539 493 548 519 458 531 521 497 480 535 482 490 461 475 516 474 554 516 515 514 509 523 489 508 484 498 488 536 529 455 497 491 484 541 474 513 498 487 506 501 474 548 510 553 461 550 515 515 501 502 541 505 506 480 489 520 520 511 546 472 498 501 493 478 494 475 489 511 480 490 482 505 533 525 521 542 523 536 536 493 483 508 495 488 517 468 520 506 546 510 502 
472 489 496 491 541 496 490 499 508 519 534 473 522 526 503 514 487 472 504 506 499 430 508 509 472 512 463 482 492 500 477 464 474 497 472 513 499 546 496 518 513 525 531 481 519 534 478 509 493 502 515 504 524 519 493 535 510 526 478 503 506 469 526 450 525 513 506 478 487 502 494 490 527 508 487 481 481 468 500 492 496 483 494 489 502 506 486 512 514 514 469 509 488 449 470 510 487 506 494 517 501 
501 481 465 459 512 510 487 478 481 490 508 479 483 486 481 492 486 561 477 490 503 522 522 484 511 476 521 522 501 506 515 489 517 480 497 500 489 447 496 483 510 505 510 470 491 496 490 517 491 513 512 512 501 533 489 505 486 504 499 467 509 558 494 483 488 503 524 514 468 500 474 525 471 500 499 499 452 525 477 497 452 498 477 506 485 496 485 530 517 494 523 471 558 465 496 517 506 488 502 519 499 
504 494 513 493 484 510 502 513 478 480 533 466 497 468 475 520 534 498 524 520 533 460 506 525 488 468 489 477 527 483 533 465 507 530 508 501 495 479 489 505 505 504 474 513 486 514 538 533 491 506 473 523 536 505 506 524 499 509 501 527 486 513 523 524 490 480 493 482 513 446 486 490 520 469 482 498 452 534 498 496 530 492 542 474 526 502 532 511 522 494 509 500 491 504 506 465 543 511 524 488 517 
510 512 477 546 534 463 515 498 506 528 469 524 509 507 516 495 510 471 483 482 541 493 486 524 480 486 488 540 507 534 493 546 521 455 503 477 468 480 533 483 500 522 496 516 503 495 503 517 507 492 467 501 512 490 454 499 484 484 516 521 475 437 520 486 520 481 512 488 485 511 492 504 518 541 483 485 519 494 507 501 496 467 518 516 498 504 470 517 497 537 491 544 494 532 447 509 526 495 485 516 512 
492 473 552 542 484 526 495 502 547 499 506 495 475 510 499 497 527 481 524 505 475 481 478 486 491 469 538 488 464 484 497 484 492 474 481 501 480 458 497 493 490 481 479 490 491 482 503 521 532 499 494 539 477 500 531 508 471 477 496 541 544 502 499 476 492 490 489 487 498 501 488 486 527 484 497 506 484 507 525 509 543 485 503 503 520 468 535 499 516 473 490 535 501 482 517 484 493 475 523 478 506 
492 464 486 534 475 478 462 521 506 518 483 499 548 526 499 496 471 506 539 535 506 488 508 533 544 503 514 515 525 466 517 492 520 455 510 488 507 534 496 487 502 519 520 543 523 475 518 472 499 512 469 499 513 519 488 528 496 505 496 502 496 489 503 532 470 523 535 499 502 496 462 491 481 510 476 492 473 505 471 492 505 500 446 527 499 533 497 495 498 491 505 457 489 507 503 462 507 519 517 520 524 
513 550 537 509 466 519 495 477 496 494 521 521 472 523 478 470 490 505 508 484 528 502 484 487 503 536 531 500 528 489 522 506 505 512 493 509 483 508 489 514 502 514 496 501 506 508 475 473 522 478 475 528 531 486 543 490 518 494 508 502 511 501 484 530 505 521 509 527 510 485 492 483 493 504 529 500 466 505 488 510 512 529 458 494 544 520 513 489 541 501 495 492 484 526 502 509 528 534 532 462 521 
467 521 472 504 533 499 504 509 518 540 517 512 493 498 510 480 491 468 523 521 504 503 503 496 494 530 547 502 519 507 496 477 506 520 549 469 505 527 478 517 452 479 523 494 515 491 492 529 493 453 490 525 521 451 505 504 522 482 475 473 472 525 489 466 506 493 526 513 491 508 533 532 513 503 484 518 493 509 517 506 524 500 466 505 516 488 460 526 498 525 531 508 513 514 500 489 508 505 474 507 505 
492 505 495 516 460 548 499 469 515 519 528 511 525 455 489 475 506 518 535 493 486 483 474 525 469 524 521 511 507 524 485 524 473 477 543 521 539 490 491 503 477 512 490 481 481 514 446 504 524 464 517 494 510 486 465 513 528 500 497 499 491 523 506 470 494 506 520 448 493 512 494 461 493 500 491 509 512 546 485 475 505 508 523 492 477 461 518 520 501 514 466 491 504 504 465 496 511 517 490 516 489 
511 499 499 464 512 503 514 483 511 468 496 496 515 532 537 544 485 448 501 523 510 530 493 512 512 477 475 496 496 508 481 535 530 478 463 530 516 499 497 476 493 504 485 503 499 502 507 524 526 540 471 528 522 528 502 522 496 502 501 491 489 536 485 518 509 490 513 528 481 500 496 513 504 472 504 451 539 527 518 477 543 490 466 515 497 459 530 523 510 488 508 499 497 485 492 513 517 477 509 540 493 
457 459 543 501 483 512 494 456 521 491 491 534 525 522 489 482 520 524 488 516 505 524 489 522 482 552 486 517 470 466 459 469 538 507 543 524 513 511 518 485 496 512 493 470 473 480 521 507 535 497 514 514 492 476 537 534 531 514 499 553 513 494 528 496 533 494 503 515 482 486 540 504 465 518 469 510 490 507 525 516 524 526 517 492 476 511 505 509 526 527 495 484 476 520 513 513 460 524 495 492 519 
502 521 469 490 496 493 457 490 516 502 501 501 503 506 540 444 519 498 500 502 533 514 447 500 507 492 475 472 541 547 470 535 489 462 508 509 510 512 472 490 497 506 500 516 503 511 471 495 506 548 472 506 499 483 472 510 481 487 496 510 528 512 475 482 548 492 470 502 509 515 500 477 483 488 471 489 512 481 486 490 535 523 498 499 527 548 476 496 509 476 527 497 533 507 486 511 535 524 506 469 503 
517 544 511 504 471 482 546 534 537 458 501 482 490 519 486 529 485 495 516 474 493 497 496 518 501 476 513 519 469 503 502 449 484 502 521 543 524 530 505 514 455 532 489 472 509 481 531 459 525 521 506 472 525 498 489 507 537 507 488 492 504 486 507 491 544 544 487 494 494 512 548 470 487 511 504 525 506 516 466 526 540 457 495 521 510 519 511 510 473 508 519 503 504 528 490 524 507 515 490 503 465 
496 475 494 511 493 525 529 483 508 496 489 508 478 509 482 482 474 488 499 501 482 519 518 547 540 501 539 473 499 487 482 527 485 500 495 541 490 464 505 526 505 496 469 510 501 498 485 513 499 514 507 512 506 520 456 503 496 460 521 493 532 526 456 472 506 492 472 504 515 545 512 495 475 471 515 516 472 500 466 481 544 456 476 488 480 503 452 515 509 503 508 491 466 481 513 498 510 464 514 524 488 
469 561 505 498 564 540 528 480 526 536 461 471 531 468 504 492 533 500 516 472 513 506 505 476 503 448 547 476 512 467 485 480 527 519 481 514 451 488 488 511 483 502 508 487 516 518 513 521 528 518 514 458 513 501 481 503 524 480 534 472 505 515 439 479 486 489 541 510 540 451 523 470 491 511 500 485 503 503 484 497 559 553 470 507 494 539 514 505 451 509 532 486 520 508 510 491 512 509 429 495 528 
503 514 487 503 489 508 492 533 488 514 558 512 456 496 513 514 499 444 501 528 517 510 469 508 487 481 506 505 503 473 501 498 481 512 493 458 539 521 509 512 542 480 515 511 478 525 512 514 522 534 551 535 520 539 495 457 510 522 497 541 503 522 496 516 534 502 510 490 545 513 504 532 495 501 517 546 467 499 476 480 484 503 486 484 486 521 527 473 524 494 518 502 529 492 473 495 530 518 494 495 527 
