501 500 492 485 505 512 439 505 514 503 496 530 489 487 540 485 504 486 513 522 498 527 491 491 512 524 516 509 546 499 510 487 504 528 512 486 480 538 494 437 487 472 518 518 474 517 501 482 510 523 510 529 529 521 501 556 499 513 510 491 510 472 502 487 498 518 474 490 510 515 494 508 465 492 523 496 536 472 468 497 529 520 466 498 525 497 495 511 499 516 475 528 468 487 499 527 490 505 479 524 478 
518 517 482 514 453 508 511 530 513 498 510 500 516 505 540 476 492 500 521 459 518 492 532 529 514 504 475 474 494 521 500 528 493 513 455 522 486 489 533 476 456 487 477 536 505 518 486 453 490 493 504 504 518 518 528 532 523 484 475 474 486 482 472 509 491 492 503 520 528 504 526 485 517 448 523 512 513 499 502 512 476 472 490 504 516 504 497 522 473 502 478 454 525 512 502 493 456 445 521 492 498 
533 489 502 515 526 516 513 520 471 545 524 502 497 492 488 488 500 523 486 529 541 508 497 492 526 456 519 506 486 497 508 502 502 496 506 520 506 488 472 500 532 540 478 481 493 510 468 489 518 464 498 468 497 520 539 532 506 517 480 519 504 498 495 472 495 496 510 538 495 518 528 521 510 500 467 513 531 489 530 465 501 499 498 494 538 493 513 452 491 500 533 497 507 512 512 510 541 476 508 493 506 
503 486 519 478 485 518 477 466 484 472 477 505 526 488 501 480 500 487 510 486 514 500 520 509 513 517 530 511 542 513 515 512 490 491 516 504 500 492 492 496 483 512 521 496 513 527 501 485 478 552 498 549 509 506 509 483 492 512 515 489 464 498 494 516 521 522 476 479 504 526 488 516 540 491 514 502 506 501 528 482 501 525 505 524 528 488 523 510 497 536 502 482 511 509 479 478 515 474 474 492 478 
490 539 519 476 475 480 525 492 481 515 493 517 506 492 532 502 514 476 502 494 524 489 474 517 525 530 512 484 495 480 498 492 506 494 480 457 493 523 462 496 522 539 521 530 505 496 545 484 472 480 504 469 472 529 500 504 466 494 485 498 490 556 496 541 536 482 489 488 468 502 530 500 526 536 489 502 487 470 510 485 531 498 516 520 448 544 501 508 507 519 493 512 509 513 487 493 520 478 517 508 524 
523 504 508 499 512 483 507 531 466 488 474 504 479 521 499 504 461 506 506 505 503 516 504 516 522 512 497 484 515 501 481 525 478 470 479 499 474 532 514 532 491 517 509 486 490 507 512 510 510 487 500 507 480 456 506 494 492 532 497 540 472 490 502 468 490 496 486 519 480 507 479 528 476 489 510 516 517 465 497 530 510 549 524 514 490 501 503 491 471 479 457 497 481 508 513 514 506 531 440 506 539 
510 466 509 488 494 481 485 464 506 506 454 495 466 496 448 510 473 540 504 488 516 470 528 478 501 536 468 526 518 520 442 498 505 510 458 509 477 537 503 501 507 528 478 540 514 492 503 518 474 535 486 482 540 470 488 509 500 506 495 525 519 498 530 511 472 536 484 533 512 503 521 483 508 503 478 532 509 535 504 477 499 486 515 553 474 528 514 479 512 492 475 524 493 556 468 508 480 509 560 532 530 
490 477 485 478 464 454 502 502 494 500 510 487 494 509 528 513 495 516 528 506 541 534 500 514 511 454 487 491 499 537 515 510 474 520 464 512 508 464 515 521 457 500 489 509 510 474 492 536 524 509 475 452 493 534 511 435 508 499 505 495 504 533 526 505 473 481 507 505 482 456 533 463 500 527 499 509 472 548 518 504 516 496 502 519 487 496 502 489 519 504 518 485 536 501 535 519 519 496 504 503 558 
484 512 512 520 492 496 478 470 520 532 497 496 477 470 476 480 479 476 476 510 545 504 520 459 497 515 508 496 541 481 502 489 530 503 506 493 484 538 531 509 525 524 486 500 454 466 488 526 513 486 510 485 524 520 534 490 515 448 514 538 526 536 550 493 500 507 468 534 518 528 481 509 494 519 502 466 493 473 518 456 546 478 511 519 502 501 490 454 510 482 489 502 466 462 525 524 480 473 516 494 503 
501 484 534 487 492 520 524 497 449 513 541 513 478 509 526 547 504 500 504 523 521 552 498 499 498 482 510 453 493 490 464 485 490 559 491 501 470 492 514 515 536 498 478 485 515 496 541 534 523 503 478 512 555 490 496 502 486 496 513 526 474 473 467 500 492 494 528 521 526 520 560 510 489 489 525 508 499 465 496 514 525 554 533 504 472 539 489 540 559 493 493 490 476 537 498 491 484 516 446 502 530 
475 487 474 458 441 502 493 511 470 522 472 514 465 504 491 525 523 524 486 496 503 511 504 513 487 508 519 523 512 505 492 495 479 505 516 554 498 495 514 505 553 509 488 489 525 470 472 469 509 508 499 481 471 517 492 481 539 453 476 525 494 511 549 574 515 567 488 476 486 512 521 497 505 486 501 488 500 485 490 516 502 513 509 540 504 464 484 526 526 482 469 516 498 510 495 542 473 501 480 514 501 
489 536 497 499 505 451 460 463 532 501 497 462 531 511 496 510 516 531 545 510 493 457 473 493 532 518 502 504 482 530 522 536 527 524 528 502 494 508 490 508 524 490 510 512 524 526 505 509 508 500 521 532 533 522 498 528 537 502 515 520 501 496 479 504 521 510 512 517 473 522 524 522 516 481 507 528 532 479 506 500 512 474 532 514 502 516 512 499 475 494 496 480 514 481 500 490 526 501 487 507 535 
504 471 522 493 483 472 521 557 552 532 509 456 465 505 512 538 481 525 518 560 525 478 508 487 515 538 513 518 521 485 462 506 502 496 487 575 500 510 501 513 489 490 492 523 524 477 511 447 517 524 508 478 522 486 469 535 477 460 497 523 512 508 483 528 477 501 494 509 452 474 491 521 501 495 484 457 510 515 509 508 498 496 522 515 438 494 496 531 528 540 524 485 528 512 510 512 518 520 510 514 517 
491 514 504 509 506 463 515 493 541 499 508 565 515 520 533 516 493 499 542 505 474 482 554 552 486 480 559 532 525 486 529 508 554 505 502 472 529 534 484 503 498 506 471 499 515 521 485 527 524 474 546 512 522 490 565 511 510 492 500 533 521 520 546 488 496 499 502 544 479 504 475 481 496 497 498 510 519 482 512 518 508 516 516 515 508 474 507 523 512 467 547 514 512 484 495 519 497 464 520 474 477 
499 514 510 501 480 511 485 525 493 550 486 487 491 502 544 464 482 454 502 493 507 509 509 507 525 490 503 466 528 510 506 494 508 504 500 498 532 488 489 486 501 505 492 494 512 464 506 504 479 513 483 505 560 481 508 501 500 486 508 491 467 504 535 484 496 460 482 500 508 484 513 507 472 493 472 486 501 454 478 494 494 522 531 498 476 502 502 521 464 476 508 494 504 480 496 486 505 503 491 499 455 
499 478 501 516 532 510 516 540 529 560 528 493 546 480 461 530 499 456 449 437 456 543 466 514 475 516 512 514 488 470 498 499 473 471 508 470 472 516 467 489 483 471 532 520 481 514 530 512 497 494 518 504 556 543 496 517 490 487 519 520 465 522 503 526 481 542 495 484 523 497 508 518 491 488 518 497 487 524 505 495 525 492 488 509 547 514 470 495 496 489 490 473 478 489 494 482 527 494 446 516 488 
500 534 504 496 512 455 484 487 498 506 522 469 524 529 476 464 498 492 468 498 512 523 469 534 488 493 511 515 550 490 482 499 465 504 497 498 534 492 478 506 508 517 537 528 525 465 520 490 472 497 496 527 505 484 480 477 520 508 508 517 458 496 489 544 497 512 522 529 508 514 453 522 508 447 530 452 520 535 487 512 537 520 484 482 532 480 510 513 495 479 445 523 450 504 516 500 490 503 495 500 488 
492 488 474 506 472 511 520 490 483 505 526 531 502 498 522 514 491 531 516 531 504 476 492 498 525 513 542 480 512 463 497 451 495 525 494 487 478 454 493 504 508 505 481 529 464 524 515 500 486 510 532 483 512 548 506 523 481 498 494 485 495 499 488 472 518 492 553 525 512 496 490 482 530 459 501 506 494 499 513 490 494 525 499 531 504 511 506 531 510 480 507 493 483 518 543 494 480 496 501 466 515 
492 477 493 467 514 501 488 524 512 497 528 453 502 479 496 476 552 521 514 508 529 511 494 501 503 468 512 461 516 537 503 520 486 460 469 483 484 527 468 517 472 524 493 514 523 534 500 500 522 490 509 495 516 462 471 479 525 510 512 510 456 468 492 501 497 502 494 486 457 489 490 500 506 486 506 466 497 513 461 497 484 496 506 491 480 485 512 508 528 472 500 490 497 519 476 492 480 518 458 515 500 
505 558 526 466 524 520 518 510 513 531 512 466 510 456 509 507 500 525 486 524 508 513 480 494 512 537 496 486 522 475 496 516 496 503 477 477 479 495 492 486 496 543 469 504 474 477 464 485 484 488 488 521 452 489 490 470 536 497 468 527 480 494 518 510 514 472 488 504 493 517 502 529 509 505 515 545 464 528 506 491 514 476 525 500 494 513 510 504 506 509 490 506 484 492 549 497 525 545 554 508 468 
