493 508 514 492 486 520 472 496 518 521 524 483 482 538 492 480 500 472 502 500 509 506 496 493 472 486 484 478 514 506 521 484 524 512 480 481 500 506 509 532 456 496 470 444 503 502 531 520 520 488 537 516 548 460 516 537 492 516 500 498 512 488 536 516 470 476 476 492 424 481 534 484 512 479 484 508 462 496 500 528 498 520 488 540 526 508 484 468 520 504 510 532 498 508 508 500 528 480 524 529 446 
498 504 482 508 504 498 492 508 502 520 516 533 514 481 542 493 489 505 464 508 472 464 488 493 460 470 482 536 492 476 528 528 468 500 462 504 510 542 488 488 493 446 472 518 520 502 500 529 492 546 504 472 476 468 488 498 452 494 468 480 488 504 510 469 469 509 512 500 472 490 508 457 498 478 460 506 508 496 500 494 488 488 504 516 536 460 488 505 500 526 481 474 487 485 516 520 481 511 486 484 520 
511 517 516 508 513 482 488 524 501 482 449 532 536 492 493 538 475 557 484 500 468 533 490 514 478 520 492 507 488 496 474 504 510 528 512 520 473 509 484 540 512 493 461 504 485 436 493 504 508 553 524 462 501 476 532 484 512 516 521 508 504 504 488 516 512 524 526 532 512 557 514 488 488 506 496 492 516 508 492 477 507 486 493 528 496 460 492 544 488 497 504 472 537 504 536 500 508 504 496 500 532 
483 432 496 448 497 468 493 498 486 508 480 507 497 487 534 547 562 472 505 480 488 464 505 492 517 476 483 506 552 528 524 525 508 476 518 485 488 487 513 482 494 492 524 520 498 500 484 516 513 476 564 529 501 504 485 492 464 516 506 520 492 512 458 518 516 506 466 548 498 496 532 488 505 532 470 488 532 478 498 489 528 488 497 504 520 545 489 484 492 502 484 546 485 490 520 524 512 477 549 521 534 
483 513 512 548 542 527 531 499 492 498 511 504 508 489 511 520 500 490 506 480 509 532 504 502 476 468 487 528 490 492 470 488 536 509 544 498 512 493 517 492 464 500 488 484 488 506 512 471 526 510 492 528 481 501 504 501 510 488 506 500 516 500 484 464 516 480 508 476 513 517 484 492 528 516 496 496 502 492 480 510 511 520 500 496 544 478 526 505 449 524 489 525 488 484 490 524 492 511 467 532 504 
483 484 514 500 508 501 518 541 484 500 519 497 533 496 513 492 508 501 488 532 520 501 544 486 504 496 492 494 523 512 513 460 528 508 540 506 508 518 518 489 481 501 460 496 534 548 534 467 480 508 513 480 516 473 520 472 538 472 466 504 499 514 500 502 500 513 500 480 526 467 500 492 489 508 509 508 520 480 502 543 500 472 497 500 482 520 486 524 520 486 488 510 540 488 540 476 500 452 513 498 486 
501 508 480 522 505 490 509 506 502 488 560 492 480 536 494 526 464 504 494 502 473 508 458 504 501 517 520 517 504 509 502 445 488 516 528 530 492 481 496 508 484 488 528 552 512 500 512 484 456 508 488 484 512 492 496 509 488 496 496 503 522 515 529 504 504 522 477 489 495 492 468 464 494 508 474 496 505 505 488 516 448 528 496 504 508 509 508 480 452 477 566 512 517 499 526 517 472 516 462 548 504 
520 500 510 506 485 484 520 512 504 510 480 536 468 444 470 492 520 432 489 496 502 512 493 521 493 560 500 542 492 530 560 508 492 484 509 504 516 472 476 536 484 510 517 504 482 510 480 458 528 473 472 538 500 496 468 512 505 480 528 476 464 479 538 498 492 475 480 512 504 486 480 538 500 536 502 490 493 520 464 508 498 508 528 486 508 496 484 504 486 528 501 497 508 498 509 484 494 528 487 482 504 
512 524 492 464 509 516 525 472 500 508 526 492 522 456 480 496 460 466 464 500 502 504 496 472 494 517 448 508 536 522 504 518 456 489 516 498 501 504 500 482 486 510 520 500 508 513 482 513 480 521 525 507 474 502 484 524 489 540 477 520 472 477 496 500 480 485 496 472 504 492 492 526 488 500 509 505 500 494 502 500 520 504 500 484 504 509 512 508 486 484 454 508 524 522 524 480 475 514 516 460 556 
519 514 477 512 515 520 513 510 476 488 526 524 474 474 505 504 496 532 486 518 488 532 509 484 536 464 488 496 536 488 524 512 452 474 482 536 472 532 544 496 480 472 474 500 489 485 516 469 516 528 504 503 504 464 518 474 500 516 484 533 516 468 478 481 500 488 529 504 529 514 514 497 490 476 472 538 524 516 494 504 497 516 480 516 488 504 473 534 531 506 486 525 504 486 508 553 529 540 496 510 504 
526 472 544 517 492 520 522 470 484 504 509 486 488 509 536 476 476 500 508 476 468 475 482 524 498 482 532 528 517 480 500 514 464 494 524 482 524 500 454 472 552 529 501 473 513 524 524 496 560 480 540 508 472 522 536 510 516 500 518 513 484 518 508 534 474 508 522 468 500 496 514 520 508 512 492 484 489 488 505 516 517 481 499 542 518 502 508 484 508 533 474 505 473 512 532 524 500 512 500 535 480 
482 500 492 482 509 516 508 465 516 512 542 564 500 461 508 481 486 480 468 512 536 498 464 536 492 511 472 518 524 516 516 512 484 525 504 496 492 482 528 518 500 524 500 468 521 498 494 488 467 504 497 557 504 540 486 504 448 512 540 510 514 534 501 472 492 506 514 501 458 520 481 464 557 508 496 480 513 514 512 472 512 496 505 492 496 479 561 508 521 517 492 474 500 526 492 504 472 520 492 485 530 
475 456 464 508 509 532 544 494 516 477 492 488 469 490 532 504 492 522 518 513 492 501 520 534 566 482 488 521 484 484 528 496 520 472 492 468 527 526 510 526 472 484 476 452 508 556 494 516 531 488 529 492 488 524 457 485 524 549 488 504 482 534 532 485 459 528 520 480 517 499 484 516 472 492 498 474 516 512 529 500 516 524 498 525 510 479 476 508 503 504 482 484 558 505 477 515 476 476 498 496 504 
533 500 500 504 506 488 500 504 472 512 488 521 502 448 524 516 504 493 484 471 476 536 440 506 504 516 488 524 516 488 496 492 504 504 468 506 520 508 505 504 549 464 484 516 507 484 510 536 508 486 488 468 512 489 505 524 475 498 501 462 500 514 526 513 469 512 532 496 460 500 540 504 538 512 504 512 492 465 537 560 508 502 496 454 484 516 486 537 506 500 497 513 476 488 492 508 493 448 505 492 542 
513 460 497 496 516 504 466 500 484 462 502 521 492 497 473 502 484 544 494 451 514 500 472 504 496 473 538 536 504 520 499 512 509 504 464 520 482 444 532 496 492 491 473 508 478 532 514 497 516 505 548 472 496 512 516 504 540 490 488 481 510 528 502 492 501 524 520 486 505 484 529 508 520 493 553 497 489 506 484 502 517 492 476 500 491 484 536 480 525 504 509 492 510 526 488 486 468 498 532 517 536 
485 481 509 530 509 528 480 512 485 513 469 532 518 492 502 522 518 516 525 486 504 482 528 500 528 520 524 540 468 528 492 484 480 496 558 504 513 470 552 508 513 504 504 488 508 496 527 492 521 498 537 496 500 484 493 530 453 502 497 520 510 485 476 456 540 528 488 515 478 493 482 526 488 517 501 483 468 521 520 492 484 488 564 486 537 514 475 494 506 496 508 494 526 485 465 532 515 464 498 484 460 
481 484 482 489 518 510 448 500 505 504 512 517 472 508 472 514 524 496 517 507 547 522 522 497 486 520 524 477 478 513 472 522 488 482 476 498 498 524 468 501 537 472 492 476 457 469 494 488 518 520 489 520 504 478 465 488 544 528 492 514 500 504 545 496 472 516 505 482 464 512 484 474 504 552 488 506 506 464 468 484 496 452 512 488 548 511 504 464 532 538 508 468 540 472 514 465 484 473 476 520 544 
492 504 476 481 498 510 484 521 510 520 497 478 504 505 476 502 504 502 538 510 480 521 524 502 498 520 525 529 524 520 464 488 524 477 511 508 464 504 459 540 500 486 510 497 486 532 476 476 456 480 485 480 490 524 528 516 498 488 550 512 508 522 468 526 509 460 508 514 501 498 490 512 500 526 516 520 474 517 488 496 516 474 466 496 524 466 488 496 503 496 528 480 488 469 496 512 516 501 528 536 509 
479 453 516 510 502 505 512 484 476 506 496 496 517 540 496 486 489 464 532 520 498 483 504 516 508 477 520 536 481 504 497 502 472 519 501 524 512 496 490 502 475 493 488 504 520 506 484 490 544 476 522 512 504 500 541 501 477 504 518 498 498 484 504 496 480 536 492 484 484 520 516 454 452 512 484 464 540 464 505 460 514 494 482 460 488 504 488 506 524 468 484 486 504 496 482 465 495 475 556 465 488 
495 480 512 506 486 490 424 466 524 525 464 468 464 472 458 476 510 540 496 502 510 507 520 492 488 492 487 497 494 494 520 500 512 484 504 484 530 512 524 520 496 500 498 484 468 526 524 513 491 497 544 516 476 478 524 508 516 512 490 502 502 455 522 489 514 524 512 500 502 515 493 530 480 556 482 482 488 480 548 484 508 505 484 520 512 518 528 504 448 542 559 481 508 532 513 520 542 488 469 488 478 
