541 523 487 510 486 518 504 487 508 481 483 478 490 507 522 471 534 495 531 481 507 532 519 477 478 471 500 488 501 471 536 480 479 508 511 479 465 519 507 530 494 514 511 502 529 527 478 461 521 484 508 498 482 507 513 519 506 563 497 489 495 515 502 472 494 528 469 535 463 449 500 487 543 507 493 511 506 513 493 486 512 502 473 486 494 500 500 506 467 513 490 469 502 476 492 522 518 495 469 519 501 
500 538 502 509 467 507 501 495 510 465 490 508 494 505 524 481 498 507 478 495 505 501 562 527 485 528 492 500 506 467 512 507 471 487 508 502 490 488 495 495 536 489 459 524 513 503 466 477 473 500 510 472 504 511 507 524 520 502 515 520 494 520 478 549 514 510 486 517 514 516 496 504 510 483 496 539 463 497 517 500 494 489 525 499 485 498 497 494 534 467 556 521 489 492 500 523 504 512 499 548 455 
495 505 485 501 522 511 511 500 480 519 511 479 474 514 489 488 498 475 494 503 486 492 488 533 480 515 504 479 547 525 481 484 480 494 468 477 540 529 499 505 505 479 497 471 520 525 493 505 474 515 545 490 507 506 491 527 513 488 502 527 524 475 505 511 502 503 545 494 478 513 494 516 474 491 503 470 484 501 525 472 517 498 484 490 498 493 517 482 512 522 495 499 516 506 495 486 457 515 513 544 502 
490 507 483 502 514 498 499 492 503 467 499 491 500 490 515 500 515 525 496 557 522 490 498 490 512 496 499 516 465 506 472 507 489 544 507 525 503 507 486 512 500 498 534 480 488 493 533 534 506 507 491 518 517 568 520 502 508 499 525 497 495 505 508 486 532 484 490 532 507 470 506 523 485 528 495 496 483 505 531 530 492 518 490 494 491 495 505 480 454 462 466 489 502 507 452 505 509 486 520 479 465 
501 505 504 480 501 518 497 510 480 471 527 533 510 516 539 528 494 519 477 499 517 492 558 501 495 522 522 497 495 500 502 521 503 511 516 487 500 508 500 532 518 512 502 495 530 549 473 528 500 472 503 472 477 515 509 526 488 486 532 475 469 512 509 523 512 501 502 496 522 510 491 531 465 501 482 497 468 528 501 504 502 537 500 497 500 505 493 496 483 502 453 506 489 513 545 536 490 477 566 528 520 
535 519 512 489 498 515 510 480 510 463 529 551 504 522 531 462 473 548 515 499 462 511 509 499 486 497 503 441 487 485 443 507 495 502 542 522 510 515 466 462 493 520 489 529 508 513 497 517 476 539 457 527 455 488 543 503 486 477 442 506 480 509 496 477 531 508 509 488 484 485 538 479 507 476 460 510 500 539 486 503 461 488 504 500 490 484 504 520 518 453 509 508 507 536 481 512 474 516 525 500 508 
513 479 509 524 512 503 468 506 513 479 491 511 509 496 514 478 474 500 479 487 476 488 461 489 513 494 526 491 514 530 493 499 476 528 533 487 500 466 533 518 451 496 529 468 531 514 468 491 476 498 487 495 489 534 495 527 482 489 487 490 529 484 529 509 511 499 463 494 483 495 469 492 495 517 488 492 495 540 520 550 512 477 520 479 490 463 467 495 452 484 488 527 540 517 488 497 462 537 489 464 481 
491 485 503 501 460 529 458 485 492 526 514 510 501 544 521 521 501 498 494 470 480 509 532 480 513 464 521 491 526 514 492 483 487 507 504 518 464 479 507 533 495 484 468 455 529 458 520 525 514 497 489 520 486 556 503 537 542 488 473 500 491 471 534 508 476 495 518 502 512 457 503 509 495 525 533 515 499 499 529 507 500 499 513 493 531 504 456 562 474 515 538 507 506 490 458 505 499 464 481 465 474 
506 499 536 512 491 520 517 531 484 477 480 532 550 500 491 506 552 541 520 482 513 525 517 488 504 506 523 473 509 507 492 497 546 523 493 501 506 513 495 526 505 490 478 474 469 509 502 468 474 529 484 519 503 551 512 477 510 483 500 509 492 498 523 498 480 517 488 499 481 516 551 479 471 497 528 499 498 483 509 491 496 491 509 525 516 473 483 474 456 497 457 504 483 552 500 489 516 559 494 474 448 
501 494 531 481 474 516 532 529 520 513 506 487 501 514 458 533 481 484 462 527 494 550 532 495 502 492 518 502 509 545 497 500 510 499 486 509 487 526 453 481 499 502 508 495 468 522 511 488 523 505 493 493 549 544 459 519 500 496 504 490 483 489 496 500 530 486 483 514 510 504 504 477 497 497 495 498 515 524 507 502 535 471 474 471 483 538 544 455 505 542 484 554 501 522 472 509 487 490 483 461 466 
502 493 501 516 508 504 500 479 512 538 500 506 476 473 519 508 474 466 486 485 543 509 515 516 529 559 470 479 530 493 491 523 509 495 518 461 547 521 478 493 472 509 507 467 518 525 505 511 471 523 497 500 492 488 494 502 504 506 520 510 507 490 511 478 478 515 469 492 522 507 511 483 509 497 490 512 518 520 557 491 539 497 480 506 528 522 519 460 466 518 535 521 504 485 464 463 479 485 488 511 503 
465 493 551 489 494 464 494 500 466 480 491 519 507 487 480 484 474 535 474 464 522 512 491 484 520 519 513 493 478 486 493 498 509 516 488 467 498 489 496 497 514 510 506 523 486 523 488 502 519 529 485 473 464 490 528 516 478 492 507 498 495 482 499 522 516 531 478 501 488 493 548 466 530 504 539 494 494 490 474 531 502 517 490 490 507 508 528 477 525 530 538 509 538 455 504 494 516 513 527 506 535 
514 505 486 499 499 524 520 500 489 507 544 509 509 530 514 497 511 510 503 524 518 485 468 530 498 491 517 490 512 512 478 535 492 471 515 542 527 516 501 483 564 522 525 497 503 492 511 512 507 471 558 501 463 516 475 473 486 505 492 473 521 522 478 494 486 478 469 504 504 534 482 463 484 525 501 469 515 521 491 509 484 518 513 490 526 505 495 498 487 529 502 485 469 483 507 470 519 490 482 429 485 
520 512 504 468 492 459 539 492 503 552 502 485 492 507 488 530 484 471 529 519 489 498 490 459 484 502 487 488 500 553 468 532 502 521 493 463 496 478 492 488 510 499 546 488 528 500 531 486 523 489 467 493 458 525 476 511 466 514 500 465 512 480 458 489 520 488 518 512 469 500 502 476 504 493 525 518 549 489 513 539 479 499 459 524 587 495 517 506 528 482 540 512 511 477 491 489 504 525 522 493 497 
492 492 489 460 474 507 510 503 477 488 509 501 506 499 489 509 447 470 474 510 502 501 491 517 460 506 488 510 523 527 512 486 524 543 516 496 495 473 482 522 528 479 528 560 491 511 516 471 518 492 523 479 541 547 534 520 493 486 519 504 480 493 491 487 538 482 487 500 519 479 513 469 487 502 498 510 547 500 478 475 505 502 490 500 491 508 473 457 490 524 494 506 481 497 513 516 495 505 498 500 575 
508 474 467 542 476 468 470 498 507 495 482 532 459 493 500 485 506 543 503 486 465 512 493 494 509 521 525 472 506 521 490 519 490 528 495 520 492 509 475 500 497 500 491 494 475 499 530 497 538 499 510 506 477 496 499 481 470 516 530 474 487 526 475 518 454 507 520 488 477 526 475 506 519 453 497 486 493 529 489 463 539 535 508 527 495 481 540 527 489 513 488 498 484 513 476 453 522 476 503 522 510 
478 495 471 529 504 522 507 482 509 541 529 497 506 459 568 516 502 505 476 499 511 491 528 539 468 468 480 509 514 492 483 447 513 499 496 500 495 532 495 480 500 513 505 496 501 501 502 478 509 490 513 496 525 475 505 490 491 511 525 497 505 504 511 519 483 518 519 491 447 494 458 503 483 536 495 506 514 517 522 520 480 474 474 500 452 499 496 496 544 495 509 505 526 492 496 510 527 514 511 521 500 
511 505 469 482 445 493 501 509 505 459 498 494 493 511 477 521 533 534 524 502 473 507 539 512 487 515 522 506 468 507 500 474 474 485 507 486 494 525 497 488 465 532 468 526 480 477 492 552 477 520 464 512 514 479 494 506 525 527 473 505 508 492 492 465 511 514 491 550 473 497 489 467 516 537 506 509 530 540 521 536 489 510 483 519 485 506 479 522 520 518 542 502 490 499 529 496 517 537 496 532 515 
491 490 529 475 540 441 522 490 479 491 502 508 485 531 494 502 513 489 505 515 528 502 521 472 518 467 482 506 520 526 505 461 486 474 490 503 482 512 483 521 493 520 491 507 551 509 447 505 484 527 479 509 512 503 509 477 480 506 515 491 471 498 481 486 501 505 517 502 520 494 529 507 474 535 484 514 505 475 489 502 491 512 490 513 488 493 488 536 514 545 506 482 530 524 474 508 462 513 485 503 498 
536 520 493 482 523 491 463 499 471 521 516 537 516 546 486 455 470 505 545 527 475 526 491 522 491 519 478 538 490 496 510 466 479 485 487 467 519 525 481 511 519 512 522 523 500 534 538 496 483 491 495 496 538 518 492 457 518 477 512 505 499 501 531 521 540 491 482 547 486 495 532 507 475 496 505 510 510 484 515 470 483 507 495 529 512 524 511 541 473 468 476 504 519 480 514 483 492 488 471 493 472 
