528 548 476 508 512 484 500 552 504 496 508 464 508 464 512 484 472 484 488 516 484 496 492 544 532 488 476 540 500 516 520 456 464 548 460 524 516 480 492 512 532 496 496 496 484 500 524 484 524 456 460 524 508 508 516 480 492 488 528 508 496 504 516 508 468 516 500 500 524 480 488 504 496 532 524 508 520 520 496 516 456 472 496 516 512 516 520 488 476 472 516 508 484 492 484 476 504 500 520 520 516 
504 468 556 464 476 532 500 472 472 520 480 492 536 512 524 508 480 508 536 516 512 488 524 484 556 460 492 480 512 508 460 460 504 508 508 492 516 508 480 500 536 512 456 504 504 540 520 452 504 532 508 504 524 524 516 500 504 500 508 496 488 500 524 472 540 512 484 472 504 520 460 532 496 500 492 484 520 504 480 476 452 524 484 492 528 480 508 484 496 496 492 508 496 476 476 504 492 492 500 532 524 
500 496 504 528 516 500 504 512 488 520 488 488 476 512 484 512 500 460 520 496 476 500 520 512 528 488 492 488 516 516 516 492 504 480 504 512 496 512 484 476 520 500 500 532 500 488 556 520 496 512 512 444 456 500 512 508 508 508 472 536 492 488 464 496 516 512 528 544 528 508 496 472 500 500 548 492 504 468 508 516 520 500 488 484 532 504 468 488 496 468 504 476 520 492 540 444 488 488 496 532 500 
494 508 508 548 528 484 484 480 480 500 532 500 484 516 528 524 508 484 524 496 520 488 468 540 516 480 508 484 460 532 512 520 528 504 508 500 508 536 484 476 464 516 488 528 500 520 524 492 536 480 508 484 460 488 500 496 516 512 444 524 496 500 488 476 500 480 520 500 460 504 512 548 512 504 476 524 496 516 480 484 500 544 516 480 520 528 508 484 456 516 508 484 540 480 552 532 496 496 488 496 516 
500 496 484 516 480 524 492 488 508 484 496 508 500 524 516 508 456 472 500 500 480 524 520 516 508 528 456 512 492 528 500 492 496 520 504 484 508 484 520 480 476 508 568 476 500 464 516 492 440 500 480 512 492 500 476 500 528 540 496 516 484 532 504 508 488 480 532 504 504 520 516 524 512 512 520 508 492 508 504 468 504 512 488 460 508 504 532 532 544 528 488 480 512 508 464 536 528 484 492 504 544 
471 528 508 492 516 520 476 488 500 504 536 496 528 504 516 484 520 528 504 476 464 488 516 500 500 532 532 480 512 480 524 504 524 496 492 504 504 472 492 504 484 536 528 504 504 476 536 480 468 508 508 500 472 424 500 512 496 512 444 512 508 492 500 504 516 532 500 488 516 548 496 464 488 516 500 544 504 500 456 512 484 508 480 476 476 520 496 508 500 496 520 516 560 532 484 516 496 512 480 512 520 
477 520 516 476 524 516 488 464 516 556 556 532 520 512 484 500 476 496 524 524 540 512 520 460 496 508 512 504 500 492 476 536 540 504 488 484 484 540 532 488 512 524 548 472 468 464 508 472 524 468 528 460 516 484 520 480 460 504 488 532 484 468 488 524 488 500 468 472 540 472 496 500 504 544 476 496 468 516 488 480 448 488 456 448 516 476 516 464 476 524 504 516 548 512 480 452 472 520 516 464 452 
468 516 492 532 496 540 516 504 504 492 516 488 496 496 484 492 468 536 500 504 508 436 464 524 532 504 480 452 528 532 488 476 468 488 524 504 500 536 536 464 476 476 540 512 524 480 544 500 516 508 512 432 492 492 492 480 500 480 512 496 524 556 516 524 468 512 528 524 504 464 488 476 512 500 508 476 480 440 508 508 476 496 556 524 512 476 516 460 528 524 492 480 448 484 464 520 504 496 472 464 520 
507 536 476 504 508 508 520 528 508 500 484 512 464 492 508 476 500 496 492 508 492 480 524 488 528 488 548 508 528 492 504 488 508 488 468 508 524 500 540 484 496 496 520 476 484 524 464 504 556 500 524 496 484 464 508 512 488 488 516 516 484 524 504 496 496 524 512 472 528 492 500 532 512 496 552 460 532 496 476 492 508 472 500 484 484 512 500 504 520 464 508 460 496 512 492 476 508 488 464 476 528 
478 496 504 480 496 464 516 464 500 508 508 516 472 472 480 540 520 488 508 516 476 524 556 480 500 524 472 520 468 508 512 496 488 500 500 524 512 500 492 512 504 508 496 524 504 520 488 512 484 472 504 500 516 500 496 496 500 504 472 504 488 480 484 508 476 504 504 488 508 520 488 524 480 468 512 508 500 472 516 508 536 516 516 488 472 500 476 508 528 488 516 496 500 488 512 508 496 452 516 492 504 
493 508 528 464 544 436 524 488 460 488 520 492 512 504 504 468 476 532 520 500 496 476 496 532 488 488 504 504 496 504 532 480 532 480 484 508 520 496 548 504 496 512 480 500 528 484 508 520 516 492 460 500 528 484 520 516 508 484 476 532 504 476 492 476 472 484 540 468 496 524 492 504 472 524 508 496 520 472 488 492 492 536 484 488 504 484 508 500 472 500 504 516 508 480 492 488 472 476 504 488 516 
491 452 496 452 496 472 496 500 480 536 456 484 524 480 508 472 504 504 532 500 544 512 504 484 532 520 468 520 476 528 516 512 504 504 500 496 524 464 504 476 516 532 520 464 496 524 536 512 508 508 508 520 468 460 516 500 486 488 496 508 484 512 468 484 468 500 484 472 516 532 500 468 520 508 508 516 504 508 508 552 480 516 464 516 540 512 520 492 528 496 496 492 500 508 536 500 472 480 508 460 500 
503 472 492 484 464 484 532 444 488 516 532 516 492 472 496 516 508 508 480 520 500 488 504 520 484 496 516 484 528 492 504 480 484 472 520 496 532 532 496 472 508 496 528 468 480 464 516 464 492 536 512 528 488 456 548 492 516 512 484 540 504 484 496 504 504 520 516 472 504 520 508 492 476 488 480 544 512 448 492 472 500 500 500 500 488 536 532 532 476 508 500 512 516 480 492 484 520 492 512 540 492 
519 524 472 504 500 468 464 524 540 516 528 480 504 532 508 492 480 500 472 508 492 476 496 492 488 492 512 528 484 536 512 540 532 516 480 512 488 524 464 496 480 484 496 532 500 488 540 480 520 460 528 500 476 528 516 480 524 496 484 512 524 460 472 504 496 484 500 476 524 516 488 460 508 552 484 508 500 488 516 552 500 512 496 472 488 508 516 500 472 488 508 496 508 500 484 520 520 516 488 480 460 
520 500 536 516 476 488 480 516 508 496 480 500 512 508 496 524 448 480 508 492 504 528 488 500 484 544 488 480 544 484 504 504 476 552 528 496 504 516 496 488 488 496 508 448 484 508 476 452 504 484 536 452 472 516 500 500 508 504 524 512 476 480 512 508 484 500 492 520 484 460 480 508 476 492 484 504 484 504 496 512 468 492 488 508 532 520 500 500 476 492 488 532 500 528 528 492 504 464 508 520 496 
509 508 544 556 484 512 532 496 508 504 496 516 468 500 512 524 496 528 496 540 520 528 532 524 532 472 488 488 512 476 492 504 548 516 492 480 480 504 480 544 496 492 496 504 484 492 452 480 472 492 504 492 460 540 496 500 508 512 520 500 484 496 516 516 524 512 440 508 512 492 520 464 520 520 504 516 444 540 520 524 512 488 484 500 492 532 508 520 520 516 524 576 484 536 480 476 488 524 436 512 480 
527 492 476 484 504 508 468 496 496 508 476 520 476 528 484 512 484 500 452 532 544 516 484 488 524 496 528 544 432 476 488 500 480 524 512 524 524 544 516 544 468 512 508 504 488 516 488 540 460 484 480 520 484 488 536 480 500 496 525 504 516 492 532 496 508 496 488 488 472 500 508 452 516 500 496 504 512 504 536 516 496 512 468 488 496 492 508 448 484 472 544 488 464 508 512 488 552 500 516 496 496 
515 512 492 472 516 488 496 504 532 528 516 532 485 520 464 536 496 500 524 480 512 480 504 524 520 508 476 500 504 524 484 500 472 512 520 496 484 524 520 472 500 464 484 512 528 476 516 488 480 532 508 536 476 508 556 504 492 504 468 484 468 508 512 488 512 492 500 472 500 484 488 504 472 480 488 484 524 492 520 512 540 496 480 520 496 480 500 460 516 520 512 468 540 480 512 504 540 532 512 488 468 
496 560 528 476 500 468 484 540 460 532 456 528 500 508 516 500 480 480 504 472 504 536 528 504 516 472 504 544 492 480 540 528 480 520 480 488 540 496 532 500 476 512 504 540 480 516 496 452 516 492 540 496 452 456 520 508 464 508 512 536 468 508 552 484 528 480 508 524 508 468 516 500 532 532 528 520 480 504 500 472 520 536 520 508 492 496 484 508 500 552 508 504 504 480 484 524 540 472 480 480 496 
472 508 492 496 516 472 516 516 488 516 480 504 504 508 484 496 508 512 500 488 548 464 520 516 484 536 480 460 524 492 464 536 460 516 492 468 532 528 508 488 508 500 500 492 456 504 488 528 540 504 508 488 484 496 484 504 448 540 520 496 504 484 524 516 508 488 496 481 500 520 492 512 484 552 548 528 464 484 460 524 504 508 500 500 532 492 500 496 496 492 496 532 528 496 516 520 516 472 492 544 480 
