495 521 523 521 504 488 485 481 431 489 475 482 488 534 504 508 496 504 511 503 473 514 480 501 470 460 505 497 516 493 485 484 514 492 498 474 473 519 513 483 483 511 446 502 551 490 463 489 492 495 506 486 474 496 487 506 477 472 495 505 471 515 489 494 506 539 530 485 525 501 504 500 490 478 514 485 492 471 515 508 535 495 469 548 539 483 461 460 484 511 522 504 503 520 477 478 497 523 522 498 495 
492 492 496 492 546 515 519 518 522 550 511 513 498 515 496 475 491 544 514 522 488 476 502 486 518 510 515 470 528 499 490 502 548 435 518 460 500 513 541 488 474 513 503 510 516 480 497 535 507 490 456 482 527 470 502 507 522 470 508 527 504 524 503 467 501 467 484 501 509 496 495 495 507 491 499 490 547 510 496 532 494 499 497 487 521 526 476 520 505 524 504 519 490 467 521 463 538 500 517 451 515 
503 492 446 504 516 482 483 492 508 540 470 489 458 525 490 514 517 503 515 505 479 554 489 526 486 506 527 522 502 513 514 484 511 463 477 544 466 475 529 506 505 488 493 463 452 510 475 504 483 511 523 518 505 515 470 504 505 486 496 501 505 474 522 474 498 468 528 535 487 496 481 472 497 488 535 534 500 466 473 519 491 512 512 503 483 506 472 519 496 532 534 499 465 477 496 518 492 520 503 490 502 
506 488 505 504 498 517 515 507 489 488 427 480 489 495 517 492 497 516 477 514 478 505 492 530 466 501 523 514 522 501 528 465 529 514 500 489 540 508 505 488 497 489 516 514 518 492 538 528 473 492 506 498 522 476 464 482 495 523 517 508 493 468 510 498 525 524 501 533 500 484 489 483 502 499 476 515 516 498 532 498 504 501 522 498 511 502 441 520 489 491 504 473 466 516 473 495 489 472 473 489 533 
502 499 511 469 497 497 499 500 505 502 528 513 503 497 505 487 488 530 474 499 503 482 544 480 437 500 503 505 500 520 482 501 489 507 534 511 467 509 512 486 512 497 521 527 480 549 492 488 505 519 483 503 494 480 537 492 490 499 531 531 538 511 467 550 514 485 488 481 515 535 497 515 482 544 534 517 507 456 543 498 519 515 487 479 506 492 485 490 489 508 502 514 502 495 480 478 509 530 508 469 507 
493 500 514 531 474 516 485 520 545 511 488 525 520 490 530 521 538 504 487 493 453 449 484 529 481 508 500 508 548 480 544 500 516 501 515 483 480 491 513 511 495 459 497 524 535 525 529 475 533 467 498 510 504 440 504 495 490 497 484 504 488 547 507 490 498 444 511 511 496 505 553 474 519 451 507 514 544 465 537 518 554 467 507 512 491 509 465 518 499 500 493 481 484 504 487 475 520 538 478 472 520 
487 496 492 473 508 520 500 489 487 487 489 504 519 503 523 543 486 482 506 487 485 521 506 475 511 526 504 485 501 477 489 504 495 493 480 547 518 491 515 472 477 531 530 535 492 503 510 559 535 476 481 503 525 490 518 520 484 501 520 505 488 481 477 490 503 470 506 484 501 525 503 514 465 520 490 495 484 509 503 474 525 495 492 504 503 505 485 513 488 475 500 525 528 528 445 540 501 465 487 532 511 
497 543 502 477 498 517 529 490 505 519 501 488 496 480 498 515 469 498 496 499 484 503 502 480 480 456 512 524 525 537 532 488 496 520 514 512 488 496 516 512 526 478 497 526 517 519 544 508 486 503 521 518 463 504 504 531 489 494 533 517 518 496 519 486 478 513 536 489 499 505 475 511 528 478 525 497 537 507 492 514 483 524 473 503 518 522 471 529 495 475 484 501 521 520 506 520 508 511 476 547 487 
502 525 512 492 475 484 519 526 499 489 505 519 540 516 485 501 507 467 530 476 481 486 473 445 487 509 504 503 526 510 505 476 502 523 507 471 515 475 502 479 521 534 447 519 534 508 502 480 519 495 522 509 505 472 489 512 493 494 481 500 526 537 533 502 500 538 498 514 469 481 478 506 545 500 502 517 499 474 510 481 471 465 532 508 495 526 491 499 485 504 488 518 459 510 565 464 503 445 515 538 514 
508 506 504 473 510 483 490 540 481 497 507 522 539 500 527 480 487 473 516 540 494 515 462 496 517 521 495 526 517 538 482 502 523 480 513 487 468 482 520 470 494 512 463 474 432 526 504 493 525 482 483 494 477 487 487 465 498 496 510 493 513 508 489 485 535 522 506 503 496 476 470 478 465 476 474 514 502 520 509 500 517 507 474 500 478 500 446 488 494 457 484 471 521 506 502 453 487 525 503 530 447 
486 480 519 534 479 477 526 438 504 498 491 498 539 516 501 500 509 495 488 518 458 491 450 504 503 524 493 524 497 515 518 520 495 515 488 533 484 504 517 453 493 538 516 491 543 460 498 512 534 551 468 500 484 524 507 533 512 495 516 499 530 526 489 501 482 489 502 512 484 518 513 494 523 518 518 504 494 513 515 435 507 512 468 544 540 499 448 508 479 487 519 493 488 490 523 485 460 519 465 510 433 
526 487 505 486 509 501 494 503 520 508 534 483 485 539 489 507 532 574 510 492 495 476 488 516 509 496 480 513 520 514 456 453 506 520 492 481 491 519 542 568 507 502 511 513 527 480 498 476 505 479 489 464 507 487 494 559 485 510 496 497 506 519 483 524 460 517 477 474 553 482 472 516 480 521 498 514 498 510 483 500 522 486 525 555 488 508 480 519 507 508 508 497 513 471 479 492 525 514 481 480 507 
483 481 504 519 513 511 471 495 491 527 514 497 505 476 559 522 505 475 475 527 486 537 530 486 485 505 496 465 482 527 463 488 522 522 484 504 470 531 498 461 511 475 459 486 480 540 518 516 500 502 546 476 543 496 499 498 522 484 525 531 485 492 522 520 483 523 489 500 556 500 475 472 520 512 492 479 509 490 484 473 532 498 503 496 468 486 484 503 510 485 501 492 509 526 509 519 514 478 520 470 497 
496 517 498 523 491 503 510 506 506 485 498 492 516 505 501 463 528 514 481 492 495 481 510 524 528 529 477 499 532 483 507 506 500 493 527 476 512 514 508 497 493 524 461 461 489 478 476 518 487 461 490 507 500 501 523 515 489 519 510 507 515 499 476 527 518 517 485 501 475 471 578 505 489 492 501 503 503 495 484 518 489 503 510 500 478 517 496 472 534 513 525 496 547 517 519 508 486 480 506 502 504 
499 523 493 482 496 512 495 463 509 531 483 487 531 477 552 486 525 518 509 515 503 515 493 503 486 482 507 495 526 469 479 495 488 492 505 513 488 467 543 509 528 478 487 485 498 515 509 495 489 473 504 495 488 494 527 508 474 500 507 478 458 530 485 488 479 494 482 498 494 508 508 486 495 464 509 494 486 482 485 489 465 456 502 471 520 503 515 475 547 492 518 512 508 547 496 510 471 505 491 458 487 
521 499 521 487 500 515 536 502 479 496 505 496 474 500 510 498 469 493 460 467 486 509 499 514 522 551 515 493 507 495 520 504 464 484 499 505 490 521 517 504 494 511 496 495 505 494 506 485 527 491 496 488 487 530 508 506 487 510 538 507 499 517 478 527 491 530 496 455 489 511 531 505 504 507 493 484 516 527 487 469 446 489 492 513 484 501 492 516 511 481 501 508 504 515 514 487 472 495 523 479 505 
528 515 510 520 511 472 495 500 499 500 511 508 527 487 521 518 495 482 454 516 484 520 487 496 551 499 500 492 500 500 507 563 507 502 518 500 512 508 533 520 525 504 485 482 518 482 490 486 542 522 551 476 495 493 513 516 466 525 497 495 507 483 510 504 496 499 493 513 467 520 493 458 470 496 468 479 502 476 484 492 500 502 463 518 492 505 508 503 534 568 465 489 523 485 482 484 498 513 513 492 496 
490 520 469 497 510 524 510 482 502 501 480 473 527 487 486 482 478 501 511 516 482 473 513 505 515 499 486 540 513 480 516 537 511 465 531 506 473 468 489 481 496 548 512 512 492 508 483 493 494 502 539 502 481 503 472 529 538 511 504 495 495 516 513 533 534 530 480 476 519 508 507 500 504 484 484 558 491 473 495 527 504 501 492 503 497 474 442 514 469 525 470 492 508 522 517 544 528 484 517 521 543 
482 487 508 499 467 546 472 480 495 480 499 476 466 497 474 530 463 552 496 483 496 496 493 481 478 525 481 486 543 515 503 487 502 519 511 533 538 481 499 510 502 476 456 487 521 489 544 529 520 511 506 508 479 510 515 542 493 528 487 462 485 480 521 523 467 513 501 503 486 491 548 524 472 503 527 552 531 502 488 509 480 505 477 512 519 507 502 512 452 445 502 516 478 487 475 484 504 482 517 486 491 
477 505 504 519 469 471 534 498 526 523 490 493 480 541 480 517 512 468 460 523 506 481 475 526 527 487 504 499 528 504 492 508 480 513 539 486 485 510 495 502 523 502 535 502 515 501 502 491 522 452 504 523 492 488 498 495 527 494 484 493 505 497 480 475 524 501 476 498 512 515 473 462 482 502 464 498 531 489 504 506 499 519 484 488 454 546 437 484 510 507 518 474 506 473 479 503 523 521 488 506 501 
