490 566 521 673 641 597 559 532 426 452 625 614 564 633 692 745 677 752 695 764 656 692 697 636 550 527 378 397 447 586 610 651 698 647 745 789 757 793 764 755 745 806 881 947 963 971 990 1000 1000 1000 1000 1000 1000 1000 1000 1000 1000 1000 1000 1000 1000 1000 1000 1000 1000 1000 1000 1000 1000 1000 1000 1000 1000 1000 1000 1000 1000 1000 1000 1000 1000 1000 1000 1000 1000 1000 1000 1000 1000 1000 1000 1000 1000 1000 1000 1000 1000 1000 1000 1000 1000 
503 630 505 391 364 249 269 288 253 256 179 160 270 269 237 308 288 315 302 232 246 159 71 261 296 422 470 461 529 543 542 475 385 322 384 457 405 512 561 588 648 645 628 753 724 711 616 591 538 582 573 461 512 596 456 439 402 275 298 343 299 330 271 139 98 190 113 120 123 143 190 68 64 42 23 4 0 0 0 0 0 0 0 0 0 0 0 0 0 0 0 0 0 0 0 0 0 0 0 0 0 
492 446 483 475 371 466 280 322 319 523 597 708 760 760 762 711 671 658 703 700 804 840 773 722 746 841 788 839 762 848 794 743 721 755 676 666 716 650 644 587 579 578 545 641 600 534 564 533 438 351 349 358 329 367 326 264 197 244 150 92 141 134 100 221 197 208 211 175 174 230 186 124 71 82 80 83 122 177 215 208 267 274 405 452 452 408 398 407 394 379 347 330 193 153 95 168 177 139 87 143 149 
513 498 379 402 417 352 409 241 273 224 349 445 443 412 419 443 473 565 564 616 642 606 598 608 633 615 657 687 597 560 538 510 514 518 467 433 412 465 351 254 187 233 273 330 427 446 435 470 495 462 368 461 484 415 417 433 315 237 222 232 334 248 290 225 260 220 117 114 98 150 159 185 352 389 415 464 471 582 497 635 593 566 688 796 800 858 916 819 872 935 853 851 902 963 976 949 992 959 959 961 968 
504 477 467 473 548 560 420 389 411 271 300 386 272 256 309 432 390 357 314 402 413 522 428 312 272 175 188 180 180 128 101 157 143 130 185 149 220 219 381 448 245 270 342 380 493 470 418 348 470 402 428 305 439 504 398 425 362 326 457 376 352 467 476 557 546 689 772 767 762 838 852 846 842 901 861 760 853 889 915 962 969 965 912 920 883 948 934 888 866 884 952 982 984 1000 1000 1000 1000 1000 1000 1000 1000 
494 539 570 618 700 815 867 852 892 904 919 939 926 938 956 979 1000 1000 1000 1000 1000 1000 1000 1000 1000 1000 1000 1000 1000 1000 1000 1000 1000 1000 1000 1000 1000 1000 1000 1000 1000 1000 1000 1000 1000 1000 1000 1000 1000 1000 1000 1000 1000 1000 1000 1000 1000 1000 1000 1000 1000 1000 1000 1000 1000 1000 1000 1000 1000 1000 1000 1000 1000 1000 1000 1000 1000 1000 1000 1000 1000 1000 1000 1000 1000 1000 1000 1000 1000 1000 1000 1000 1000 1000 1000 1000 1000 1000 1000 1000 1000 
539 487 469 421 300 338 312 230 279 279 299 256 232 273 191 210 201 319 276 325 226 180 184 69 19 44 75 85 39 70 78 67 51 53 30 8 0 0 0 0 0 0 0 0 0 0 0 0 0 0 0 0 0 0 0 0 0 0 0 0 0 0 0 0 0 0 0 0 0 0 0 0 0 0 0 0 0 0 0 0 0 0 0 0 0 0 0 0 0 0 0 0 0 0 0 0 0 0 0 0 0 
531 521 638 646 688 721 620 522 562 638 601 567 617 617 650 712 742 714 705 627 538 529 485 603 601 532 494 599 549 506 597 637 693 704 767 780 736 789 751 738 734 811 811 830 816 780 817 814 875 891 882 830 863 806 912 915 939 926 881 901 924 943 910 815 929 937 906 918 926 939 955 989 1000 1000 1000 1000 1000 1000 1000 1000 1000 1000 1000 1000 1000 1000 1000 1000 1000 1000 1000 1000 1000 1000 1000 1000 1000 1000 1000 1000 1000 
479 556 600 533 506 559 636 687 660 733 747 803 801 666 702 735 769 887 880 874 930 938 971 973 988 1000 1000 1000 1000 1000 1000 1000 1000 1000 1000 1000 1000 1000 1000 1000 1000 1000 1000 1000 1000 1000 1000 1000 1000 1000 1000 1000 1000 1000 1000 1000 1000 1000 1000 1000 1000 1000 1000 1000 1000 1000 1000 1000 1000 1000 1000 1000 1000 1000 1000 1000 1000 1000 1000 1000 1000 1000 1000 1000 1000 1000 1000 1000 1000 1000 1000 1000 1000 1000 1000 1000 1000 1000 1000 1000 1000 
514 523 449 585 610 570 543 488 414 331 312 267 241 289 334 359 381 421 534 578 431 375 278 324 266 181 150 282 187 164 63 5 0 0 0 0 0 0 0 0 0 0 0 0 0 0 0 0 0 0 0 0 0 0 0 0 0 0 0 0 0 0 0 0 0 0 0 0 0 0 0 0 0 0 0 0 0 0 0 0 0 0 0 0 0 0 0 0 0 0 0 0 0 0 0 0 0 0 0 0 0 
500 645 703 717 727 751 753 729 762 663 641 643 680 706 579 456 461 473 447 572 611 533 665 686 568 610 567 620 661 740 721 784 773 643 559 570 598 588 603 658 659 648 654 652 621 510 534 483 570 708 673 707 706 679 890 914 836 833 925 971 944 973 981 978 998 1000 1000 1000 1000 1000 1000 1000 1000 1000 1000 1000 1000 1000 1000 1000 1000 1000 1000 1000 1000 1000 1000 1000 1000 1000 1000 1000 1000 1000 1000 1000 1000 1000 1000 1000 1000 
510 533 611 711 640 519 549 692 717 701 621 702 800 720 765 754 782 669 595 371 510 515 459 407 378 407 415 531 407 297 339 332 273 205 189 88 213 205 256 245 316 377 378 369 419 432 455 522 378 408 400 371 325 395 402 499 595 507 487 564 576 496 510 427 500 672 632 537 630 597 617 543 598 583 508 497 474 526 705 742 720 720 643 746 877 869 861 785 844 924 928 962 971 887 858 946 974 956 963 971 954 
498 497 558 585 596 658 748 702 697 766 796 727 691 705 646 665 626 568 540 584 618 595 603 632 597 625 715 707 635 702 664 648 860 896 952 937 945 965 983 984 979 996 1000 1000 1000 1000 1000 1000 1000 1000 1000 1000 1000 1000 1000 1000 1000 1000 1000 1000 1000 1000 1000 1000 1000 1000 1000 1000 1000 1000 1000 1000 1000 1000 1000 1000 1000 1000 1000 1000 1000 1000 1000 1000 1000 1000 1000 1000 1000 1000 1000 1000 1000 1000 1000 1000 1000 1000 1000 1000 1000 
489 539 431 551 461 352 410 347 446 487 381 404 467 351 283 278 296 248 240 195 183 282 202 217 150 92 135 58 1 0 0 0 0 0 0 0 0 0 0 0 0 0 0 0 0 0 0 0 0 0 0 0 0 0 0 0 0 0 0 0 0 0 0 0 0 0 0 0 0 0 0 0 0 0 0 0 0 0 0 0 0 0 0 0 0 0 0 0 0 0 0 0 0 0 0 0 0 0 0 0 0 
509 575 422 424 411 322 322 328 320 500 503 533 450 377 266 433 696 781 827 814 773 744 645 733 588 609 581 541 408 405 417 383 344 411 303 444 335 256 266 276 289 317 300 381 560 519 567 506 370 459 416 305 312 221 181 166 284 196 235 242 222 233 295 307 251 268 245 147 79 85 59 23 60 48 8 21 22 12 44 40 87 46 45 26 11 6 0 0 0 0 0 0 0 0 0 0 0 0 0 0 0 
515 619 547 640 615 729 726 684 791 847 859 863 917 887 905 873 906 872 815 793 770 661 631 689 715 738 784 816 848 866 880 888 847 829 814 812 795 680 635 710 693 751 853 797 831 805 740 687 705 742 690 753 568 549 547 483 375 534 591 768 751 856 872 959 941 900 901 931 892 938 864 870 872 860 878 913 952 970 960 973 967 996 988 1000 1000 1000 1000 1000 1000 1000 1000 1000 1000 1000 1000 1000 1000 1000 1000 1000 1000 
489 640 763 839 877 973 1000 1000 1000 1000 1000 1000 1000 1000 1000 1000 1000 1000 1000 1000 1000 1000 1000 1000 1000 1000 1000 1000 1000 1000 1000 1000 1000 1000 1000 1000 1000 1000 1000 1000 1000 1000 1000 1000 1000 1000 1000 1000 1000 1000 1000 1000 1000 1000 1000 1000 1000 1000 1000 1000 1000 1000 1000 1000 1000 1000 1000 1000 1000 1000 1000 1000 1000 1000 1000 1000 1000 1000 1000 1000 1000 1000 1000 1000 1000 1000 1000 1000 1000 1000 1000 1000 1000 1000 1000 1000 1000 1000 1000 1000 1000 
523 561 561 638 616 691 595 514 575 636 721 785 786 811 832 823 735 658 718 772 682 660 722 822 825 806 824 761 734 683 584 556 475 502 459 375 486 431 314 203 169 93 27 8 0 0 0 0 0 0 0 0 0 0 0 0 0 0 0 0 0 0 0 0 0 0 0 0 0 0 0 0 0 0 0 0 0 0 0 0 0 0 0 0 0 0 0 0 0 0 0 0 0 0 0 0 0 0 0 0 0 
503 543 471 419 511 482 549 645 431 483 593 753 778 805 720 779 840 770 866 875 825 860 725 796 828 848 941 923 959 975 971 987 991 1000 1000 1000 1000 1000 1000 1000 1000 1000 1000 1000 1000 1000 1000 1000 1000 1000 1000 1000 1000 1000 1000 1000 1000 1000 1000 1000 1000 1000 1000 1000 1000 1000 1000 1000 1000 1000 1000 1000 1000 1000 1000 1000 1000 1000 1000 1000 1000 1000 1000 1000 1000 1000 1000 1000 1000 1000 1000 1000 1000 1000 1000 1000 1000 1000 1000 1000 1000 
483 571 590 628 570 564 550 467 385 431 292 338 344 384 396 331 334 294 376 418 363 373 501 419 414 415 559 513 367 307 199 190 308 294 284 289 269 178 40 9 0 0 0 0 0 0 0 0 0 0 0 0 0 0 0 0 0 0 0 0 0 0 0 0 0 0 0 0 0 0 0 0 0 0 0 0 0 0 0 0 0 0 0 0 0 0 0 0 0 0 0 0 0 0 0 0 0 0 0 0 0 
